Primitive Index,duration,collected,total,percentage,totalDuration
0,6.1663336753845215,253,253,1.2649999856948853,6.1663336753845215
1,0.6667482256889343,0,253,1.2649999856948853,6.8330817222595215
2,0.00014782285143155605,0,253,1.2649999856948853,6.8332295417785645
3,4.613026142120361,0,253,1.2649999856948853,11.446255683898926
4,12.525710105895996,312,565,2.825000047683716,23.971965789794922
5,1.379792332649231,0,565,2.825000047683716,25.35175895690918
6,0.00027497721021063626,0,565,2.825000047683716,25.352033615112305
7,4.645001411437988,0,565,2.825000047683716,29.99703598022461
8,8.813061714172363,275,840,4.199999809265137,38.810096740722656
9,3.298536539077759,0,840,4.199999809265137,42.10863494873047
10,0.00048637387226335704,0,840,4.199999809265137,42.1091194152832
11,0.4067313075065613,0,840,4.199999809265137,42.51585006713867
12,0.0002888838353101164,0,840,4.199999809265137,42.51613998413086
13,1.4651787281036377,0,840,4.199999809265137,43.981319427490234
14,7.880517482757568,200,1040,5.200000286102295,51.86183547973633
15,4.434779644012451,0,1040,5.200000286102295,56.29661560058594
16,1.2406644821166992,13,1053,5.264999866485596,57.53728103637695
17,2.2704968452453613,0,1053,5.264999866485596,59.807777404785156
18,30.358694076538086,916,1969,9.844999313354492,90.16647338867188
19,1.6260467767715454,0,1969,9.844999313354492,91.79251861572266
20,0.00016411337128374726,0,1969,9.844999313354492,91.79268646240234
21,0.5227576494216919,0,1969,9.844999313354492,92.31544494628906
22,4.331270611146465e-05,0,1969,9.844999313354492,92.31549072265625
23,1.038002848625183,0,1969,9.844999313354492,93.3534927368164
24,0.00019192694162484258,0,1969,9.844999313354492,93.35368347167969
25,1.1539862155914307,0,1969,9.844999313354492,94.5076675415039
26,6.834665691712871e-05,0,1969,9.844999313354492,94.50773620605469
27,1.1951100826263428,0,1969,9.844999313354492,95.70284271240234
28,0.00046968457172624767,0,1969,9.844999313354492,95.70331573486328
29,1.4621901512145996,0,1969,9.844999313354492,97.1655044555664
30,4.203498363494873,109,2078,10.390000343322754,101.36900329589844
31,2.341686248779297,0,2078,10.390000343322754,103.710693359375
32,0.0007875761948525906,0,2078,10.390000343322754,103.71147918701172
33,4.767777919769287,0,2078,10.390000343322754,108.47925567626953
34,8.010986328125,207,2285,11.424999237060547,116.49024200439453
35,0.6350493431091309,0,2285,11.424999237060547,117.12528991699219
36,0.00025650140014477074,0,2285,11.424999237060547,117.12554931640625
37,0.18775241076946259,0,2285,11.424999237060547,117.31330108642578
38,0.00019808609795290977,0,2285,11.424999237060547,117.3134994506836
39,2.497654914855957,0,2285,11.424999237060547,119.8111572265625
40,11.120694160461426,366,2651,13.255000114440918,130.93185424804688
41,3.149404287338257,0,2651,13.255000114440918,134.0812530517578
42,0.0004593537887558341,0,2651,13.255000114440918,134.0817108154297
43,3.118959426879883,0,2651,13.255000114440918,137.20066833496094
44,16.125255584716797,542,3193,15.96500015258789,153.325927734375
45,0.7295036315917969,0,3193,15.96500015258789,154.05543518066406
46,7.390975952148438e-05,0,3193,15.96500015258789,154.05551147460938
47,1.9640921354293823,0,3193,15.96500015258789,156.0196075439453
48,0.0005364418029785156,0,3193,15.96500015258789,156.0201416015625
49,3.71773099899292,0,3193,15.96500015258789,159.7378692626953
50,16.015432357788086,116,3309,16.545000076293945,175.7532958984375
51,1.3711869716644287,0,3309,16.545000076293945,177.12448120117188
52,0.0006095567950978875,0,3309,16.545000076293945,177.12509155273438
53,0.6460785865783691,0,3309,16.545000076293945,177.7711639404297
54,0.0035301842726767063,0,3309,16.545000076293945,177.77468872070312
55,1.1515508890151978,0,3309,16.545000076293945,178.92623901367188
56,5.648678779602051,172,3481,17.405000686645508,184.57492065429688
57,0.005225094500929117,0,3481,17.405000686645508,184.58013916015625
58,0.00024159748863894492,0,3481,17.405000686645508,184.58038330078125
59,0.7236061692237854,0,3481,17.405000686645508,185.30398559570312
60,5.8015186368720606e-05,0,3481,17.405000686645508,185.30404663085938
61,0.7265591025352478,0,3481,17.405000686645508,186.03060913085938
62,9.775161015568301e-05,0,3481,17.405000686645508,186.03070068359375
63,1.5371203422546387,0,3481,17.405000686645508,187.5678253173828
64,0.0002702077035792172,0,3481,17.405000686645508,187.56809997558594
65,3.299787998199463,0,3481,17.405000686645508,190.86788940429688
66,0.0018517175922170281,0,3481,17.405000686645508,190.86973571777344
67,3.2661256790161133,0,3481,17.405000686645508,194.1358642578125
68,0.0002590815129224211,0,3481,17.405000686645508,194.13612365722656
69,0.5530009269714355,0,3481,17.405000686645508,194.68911743164062
70,0.00010768572246888652,0,3481,17.405000686645508,194.68922424316406
71,1.1833727359771729,0,3481,17.405000686645508,195.8726043701172
72,0.0001537799835205078,0,3481,17.405000686645508,195.8727569580078
73,1.7811311483383179,0,3481,17.405000686645508,197.6538848876953
74,0.0002741813659667969,0,3481,17.405000686645508,197.65415954589844
75,2.093019485473633,0,3481,17.405000686645508,199.74717712402344
76,13.59035587310791,475,3956,19.779998779296875,213.33753967285156
77,0.4542709290981293,0,3956,19.779998779296875,213.79180908203125
78,4.931321382173337e-05,0,3956,19.779998779296875,213.79185485839844
79,2.8893513679504395,0,3956,19.779998779296875,216.68121337890625
80,9.301072120666504,294,4250,21.25,225.98228454589844
81,2.2987349033355713,0,4250,21.25,228.28102111816406
82,0.005876378621906042,0,4250,21.25,228.28689575195312
83,2.27744460105896,0,4250,21.25,230.56434631347656
84,17.759748458862305,512,4762,23.810001373291016,248.3240966796875
85,2.888991594314575,0,4762,23.810001373291016,251.2130889892578
86,7.71585750579834,221,4983,24.91499900817871,258.928955078125
87,0.8483933210372925,0,4983,24.91499900817871,259.77734375
88,0.00014623059541918337,0,4983,24.91499900817871,259.7774963378906
89,4.953577041625977,0,4983,24.91499900817871,264.7310791015625
90,9.960203170776367,257,5240,26.19999885559082,274.6912841796875
91,4.441117763519287,0,5240,26.19999885559082,279.1324157714844
92,15.732087135314941,343,5583,27.915000915527344,294.864501953125
93,4.712015151977539,0,5583,27.915000915527344,299.5765075683594
94,16.26685333251953,231,5814,29.06999969482422,315.8433532714844
95,0.424714058637619,0,5814,29.06999969482422,316.26806640625
96,0.00019947686814703047,0,5814,29.06999969482422,316.2682800292969
97,4.857952117919922,0,5814,29.06999969482422,321.126220703125
98,11.127371788024902,231,6045,30.225000381469727,332.25360107421875
99,2.0800695419311523,0,6045,30.225000381469727,334.33367919921875
100,1.6941426992416382,20,6065,30.325000762939453,336.02783203125
101,0.031691696494817734,0,6065,30.325000762939453,336.05950927734375
102,0.00013530254364013672,0,6065,30.325000762939453,336.05963134765625
103,0.4713820815086365,0,6065,30.325000762939453,336.531005859375
104,0.0002708037500269711,0,6065,30.325000762939453,336.5312805175781
105,3.9152023792266846,0,6065,30.325000762939453,340.44647216796875
106,0.6184462308883667,6,6071,30.354999542236328,341.0649108886719
107,0.8115934133529663,0,6071,30.354999542236328,341.8764953613281
108,0.00010331471276003867,0,6071,30.354999542236328,341.8765869140625
109,4.8227081298828125,0,6071,30.354999542236328,346.69927978515625
110,9.826028823852539,165,6236,31.18000030517578,356.5252990722656
111,2.798928737640381,0,6236,31.18000030517578,359.32421875
112,14.539702415466309,322,6558,32.790000915527344,373.8639221191406
113,1.7902718782424927,0,6558,32.790000915527344,375.6542053222656
114,0.0003764074353966862,0,6558,32.790000915527344,375.6545715332031
115,0.440329372882843,0,6558,32.790000915527344,376.09490966796875
116,0.00021311547607183456,0,6558,32.790000915527344,376.0951232910156
117,1.143444538116455,0,6558,32.790000915527344,377.2385559082031
118,0.0011456204811111093,1,6559,32.79499816894531,377.2397155761719
119,4.8724799156188965,0,6559,32.79499816894531,382.1121826171875
120,12.102959632873535,351,6910,34.54999923706055,394.21514892578125
121,2.200610399246216,0,6910,34.54999923706055,396.415771484375
122,0.4689231216907501,16,6926,34.630001068115234,396.88470458984375
123,2.5746450424194336,0,6926,34.630001068115234,399.4593505859375
124,0.0003170967102050781,0,6926,34.630001068115234,399.45965576171875
125,1.8268425464630127,0,6926,34.630001068115234,401.2864990234375
126,0.37568819522857666,1,6927,34.63500213623047,401.6622009277344
127,1.8535850048065186,0,6927,34.63500213623047,403.5157775878906
128,0.004809697158634663,0,6927,34.63500213623047,403.5205993652344
129,4.1722259521484375,0,6927,34.63500213623047,407.69281005859375
130,0.0006874402170069516,0,6927,34.63500213623047,407.6935119628906
131,1.371828317642212,0,6927,34.63500213623047,409.0653381347656
132,0.140187069773674,0,6927,34.63500213623047,409.2055358886719
133,3.9498672485351562,0,6927,34.63500213623047,413.1553955078125
134,26.481782913208008,696,7623,38.1150016784668,439.6371765136719
135,4.007025718688965,0,7623,38.1150016784668,443.6441955566406
136,4.236133098602295,127,7750,38.75,447.8803405761719
137,2.9751453399658203,0,7750,38.75,450.8554992675781
138,0.0007907550316303968,0,7750,38.75,450.8562927246094
139,1.278849720954895,0,7750,38.75,452.1351318359375
140,0.00012874603271484375,0,7750,38.75,452.13525390625
141,3.337171792984009,0,7750,38.75,455.472412109375
142,23.234394073486328,481,8231,41.154998779296875,478.7068176269531
143,4.301223278045654,0,8231,41.154998779296875,483.0080261230469
144,22.97770118713379,347,8578,42.88999938964844,505.9857177734375
145,2.4725914001464844,0,8578,42.88999938964844,508.45831298828125
146,0.0004784430784638971,0,8578,42.88999938964844,508.45880126953125
147,4.631107330322266,0,8578,42.88999938964844,513.0899047851562
148,4.389796257019043,63,8641,43.20499801635742,517.4796752929688
149,2.81093692779541,0,8641,43.20499801635742,520.2905883789062
150,16.748085021972656,220,8861,44.30500030517578,537.0386962890625
151,3.7807843685150146,0,8861,44.30500030517578,540.8194580078125
152,15.946877479553223,349,9210,46.04999923706055,556.766357421875
153,4.756982803344727,0,9210,46.04999923706055,561.5233154296875
154,16.621131896972656,72,9282,46.40999984741211,578.1444702148438
155,1.0673987865447998,0,9282,46.40999984741211,579.2118530273438
156,0.0001144519483204931,0,9282,46.40999984741211,579.2119750976562
157,2.007695436477661,0,9282,46.40999984741211,581.2196655273438
158,0.00044822689960710704,0,9282,46.40999984741211,581.2200927734375
159,4.137950897216797,0,9282,46.40999984741211,585.3580322265625
160,16.9833927154541,63,9345,46.724998474121094,602.3414306640625
161,4.2883992195129395,0,9345,46.724998474121094,606.6298217773438
162,13.53732681274414,111,9456,47.279998779296875,620.1671752929688
163,4.05708122253418,0,9456,47.279998779296875,624.2242431640625
164,13.592597007751465,202,9658,48.290000915527344,637.8168334960938
165,1.9509694576263428,0,9658,48.290000915527344,639.767822265625
166,14.064376831054688,450,10108,50.540000915527344,653.8322143554688
167,4.91667366027832,0,10108,50.540000915527344,658.7489013671875
168,26.529996871948242,341,10449,52.2449951171875,685.2788696289062
169,1.7309914827346802,0,10449,52.2449951171875,687.0098876953125
170,0.0014479963574558496,0,10449,52.2449951171875,687.0113525390625
171,2.786770820617676,0,10449,52.2449951171875,689.798095703125
172,0.0001438458712073043,0,10449,52.2449951171875,689.7982177734375
173,1.7560350894927979,0,10449,52.2449951171875,691.5542602539062
174,0.005549589637666941,0,10449,52.2449951171875,691.559814453125
175,0.5771016478538513,0,10449,52.2449951171875,692.1369018554688
176,0.0007414817227981985,0,10449,52.2449951171875,692.1376342773438
177,2.1366403102874756,0,10449,52.2449951171875,694.2742919921875
178,11.312379837036133,219,10668,53.34000015258789,705.586669921875
179,0.8635221719741821,0,10668,53.34000015258789,706.4501953125
180,0.0008401896338909864,0,10668,53.34000015258789,706.4510498046875
181,4.010045051574707,0,10668,53.34000015258789,710.4611206054688
182,10.699421882629395,112,10780,53.89999771118164,721.1605224609375
183,2.5105855464935303,0,10780,53.89999771118164,723.6710815429688
184,0.0005273029673844576,0,10780,53.89999771118164,723.671630859375
185,2.875447988510132,0,10780,53.89999771118164,726.5470581054688
186,0.0003437201085034758,0,10780,53.89999771118164,726.5474243164062
187,0.5525839328765869,0,10780,53.89999771118164,727.1000366210938
188,0.00016252198838628829,0,10780,53.89999771118164,727.1002197265625
189,1.08269464969635,0,10780,53.89999771118164,728.1829223632812
190,0.0007136662607081234,0,10780,53.89999771118164,728.1836547851562
191,1.4214025735855103,0,10780,53.89999771118164,729.6050415039062
192,8.185704064089805e-05,0,10780,53.89999771118164,729.6051025390625
193,0.2256990373134613,0,10780,53.89999771118164,729.830810546875
194,3.2981235563056543e-05,0,10780,53.89999771118164,729.8308715820312
195,1.0741841793060303,0,10780,53.89999771118164,730.905029296875
196,0.00021656353783328086,0,10780,53.89999771118164,730.9052734375
197,1.4679571390151978,0,10780,53.89999771118164,732.3732299804688
198,0.00012040137517033145,0,10780,53.89999771118164,732.3733520507812
199,4.505139350891113,0,10780,53.89999771118164,736.8784790039062
200,30.603443145751953,415,11195,55.97500228881836,767.48193359375
201,1.9009675979614258,0,11195,55.97500228881836,769.3828735351562
202,9.696991764940321e-05,0,11195,55.97500228881836,769.3829956054688
203,4.400917053222656,0,11195,55.97500228881836,773.783935546875
204,2.353238344192505,17,11212,56.05999755859375,776.1371459960938
205,3.472304105758667,0,11212,56.05999755859375,779.6094360351562
206,0.0010673204669728875,0,11212,56.05999755859375,779.6104736328125
207,1.0492479801177979,0,11212,56.05999755859375,780.6597290039062
208,1.9871677160263062,1,11213,56.064998626708984,782.6469116210938
209,0.27373650670051575,0,11213,56.064998626708984,782.920654296875
210,6.198883056640625e-05,0,11213,56.064998626708984,782.9207153320312
211,2.730487108230591,0,11213,56.064998626708984,785.6511840820312
212,12.300323486328125,259,11472,57.36000061035156,797.9515380859375
213,1.9435287714004517,0,11472,57.36000061035156,799.8950805664062
214,0.016532737761735916,2,11474,57.37000274658203,799.91162109375
215,1.4540660381317139,0,11474,57.37000274658203,801.3656616210938
216,0.00024636584566906095,0,11474,57.37000274658203,801.3659057617188
217,2.818956136703491,0,11474,57.37000274658203,804.1848754882812
218,0.000714460969902575,0,11474,57.37000274658203,804.1856079101562
219,0.47517549991607666,0,11474,57.37000274658203,804.6607666015625
220,0.00036875405930913985,0,11474,57.37000274658203,804.6611328125
221,2.9763410091400146,0,11474,57.37000274658203,807.637451171875
222,9.464059829711914,114,11588,57.939998626708984,817.1015014648438
223,2.7962071895599365,0,11588,57.939998626708984,819.897705078125
224,0.0002392133028479293,0,11588,57.939998626708984,819.89794921875
225,4.2946553230285645,0,11588,57.939998626708984,824.192626953125
226,4.290529727935791,27,11615,58.07499694824219,828.483154296875
227,3.544965982437134,0,11615,58.07499694824219,832.0281372070312
228,2.102236747741699,4,11619,58.095001220703125,834.13037109375
229,2.0487234592437744,0,11619,58.095001220703125,836.1790771484375
230,0.002498626708984375,0,11619,58.095001220703125,836.1815795898438
231,0.8532249331474304,0,11619,58.095001220703125,837.0347900390625
232,13.063053131103516,209,11828,59.1400032043457,850.0978393554688
233,2.549752950668335,0,11828,59.1400032043457,852.6475830078125
234,0.0008527438621968031,0,11828,59.1400032043457,852.6484375
235,2.937131881713867,0,11828,59.1400032043457,855.5855712890625
236,12.391599655151367,167,11995,59.974998474121094,867.9771728515625
237,4.129716873168945,0,11995,59.974998474121094,872.1068725585938
238,9.029245376586914,91,12086,60.43000030517578,881.1361083984375
239,0.5241858959197998,0,12086,60.43000030517578,881.6602783203125
240,0.0003377596440259367,0,12086,60.43000030517578,881.66064453125
241,0.5441725254058838,0,12086,60.43000030517578,882.204833984375
242,0.0001609325408935547,0,12086,60.43000030517578,882.2050170898438
243,3.4800658226013184,0,12086,60.43000030517578,885.68505859375
244,8.246641159057617,31,12117,60.584999084472656,893.9317016601562
245,3.779245138168335,0,12117,60.584999084472656,897.7109375
246,1.69199800491333,0,12117,60.584999084472656,899.4029541015625
247,4.395516395568848,0,12117,60.584999084472656,903.7984619140625
248,3.946155071258545,3,12120,60.60000228881836,907.74462890625
249,1.7670882940292358,0,12120,60.60000228881836,909.51171875
250,6.834665691712871e-05,0,12120,60.60000228881836,909.5117797851562
251,4.311561584472656,0,12120,60.60000228881836,913.8233642578125
252,19.515504837036133,331,12451,62.255001068115234,933.3388671875
253,1.2947511672973633,0,12451,62.255001068115234,934.6336059570312
254,0.0005781717482022941,0,12451,62.255001068115234,934.6341552734375
255,4.341766357421875,0,12451,62.255001068115234,938.9759521484375
256,1.618257999420166,41,12492,62.459999084472656,940.59423828125
257,0.029712839052081108,0,12492,62.459999084472656,940.6239624023438
258,4.4109223381383345e-05,0,12492,62.459999084472656,940.6240234375
259,0.6070850491523743,0,12492,62.459999084472656,941.2310791015625
260,8.503595745423809e-05,0,12492,62.459999084472656,941.2311401367188
261,0.48009511828422546,0,12492,62.459999084472656,941.7112426757812
262,0.00020503996347542852,0,12492,62.459999084472656,941.71142578125
263,3.3547136783599854,0,12492,62.459999084472656,945.066162109375
264,0.023476678878068924,2,12494,62.470001220703125,945.0896606445312
265,1.4023170471191406,0,12494,62.470001220703125,946.4920043945312
266,7.432681560516357,156,12650,63.25,953.9246826171875
267,1.5179191827774048,0,12650,63.25,955.442626953125
268,14.035629272460938,458,13108,65.54000091552734,969.478271484375
269,2.227703094482422,0,13108,65.54000091552734,971.7059936523438
270,0.0012636184692382812,0,13108,65.54000091552734,971.707275390625
271,0.5227230787277222,0,13108,65.54000091552734,972.22998046875
272,0.0005018711090087891,0,13108,65.54000091552734,972.23046875
273,0.8559201955795288,0,13108,65.54000091552734,973.0863647460938
274,0.006857911590486765,0,13108,65.54000091552734,973.0932006835938
275,4.876882553100586,0,13108,65.54000091552734,977.9700927734375
276,0.0115762148052454,0,13108,65.54000091552734,977.981689453125
277,2.176218032836914,0,13108,65.54000091552734,980.1578979492188
278,5.880991375306621e-05,0,13108,65.54000091552734,980.157958984375
279,2.8929553031921387,0,13108,65.54000091552734,983.0509033203125
280,7.907593727111816,178,13286,66.43000030517578,990.95849609375
281,4.921937942504883,0,13286,66.43000030517578,995.8804321289062
282,19.00444984436035,124,13410,67.04999542236328,1014.8848876953125
283,1.9712196588516235,0,13410,67.04999542236328,1016.8560791015625
284,0.0010387115180492401,0,13410,67.04999542236328,1016.8571166992188
285,3.4000251293182373,0,13410,67.04999542236328,1020.2571411132812
286,19.641765594482422,322,13732,68.66000366210938,1039.89892578125
287,3.1457254886627197,0,13732,68.66000366210938,1043.044677734375
288,5.168758869171143,41,13773,68.86499786376953,1048.21337890625
289,2.507688045501709,0,13773,68.86499786376953,1050.7210693359375
290,18.44925880432129,161,13934,69.66999816894531,1069.1702880859375
291,3.0677196979522705,0,13934,69.66999816894531,1072.238037109375
292,2.890779972076416,5,13939,69.69499969482422,1075.1287841796875
293,3.7423858642578125,0,13939,69.69499969482422,1078.8712158203125
294,30.837757110595703,17,13956,69.77999877929688,1109.708984375
295,1.3077113628387451,0,13956,69.77999877929688,1111.0167236328125
296,7.947682752273977e-05,0,13956,69.77999877929688,1111.016845703125
297,4.156940937042236,0,13956,69.77999877929688,1115.173828125
298,9.407410621643066,30,13986,69.93000030517578,1124.581298828125
299,1.9476925134658813,0,13986,69.93000030517578,1126.5289306640625
300,0.00044803263153880835,0,13986,69.93000030517578,1126.5294189453125
301,2.0354018211364746,0,13986,69.93000030517578,1128.5648193359375
302,9.594402313232422,66,14052,70.26000213623047,1138.1591796875
303,3.9078099727630615,0,14052,70.26000213623047,1142.0670166015625
304,23.075048446655273,287,14339,71.69499969482422,1165.14208984375
305,0.6959594488143921,0,14339,71.69499969482422,1165.8380126953125
306,0.0002733877918217331,0,14339,71.69499969482422,1165.8382568359375
307,4.507953643798828,0,14339,71.69499969482422,1170.34619140625
308,2.4058258533477783,10,14349,71.74500274658203,1172.7520751953125
309,2.4777209758758545,0,14349,71.74500274658203,1175.229736328125
310,8.905370712280273,81,14430,72.1500015258789,1184.1351318359375
311,0.45797327160835266,0,14430,72.1500015258789,1184.5931396484375
312,0.00014124273729976267,0,14430,72.1500015258789,1184.59326171875
313,3.8213882446289062,0,14430,72.1500015258789,1188.4146728515625
314,8.899375915527344,98,14528,72.63999938964844,1197.3140869140625
315,3.42802357673645,0,14528,72.63999938964844,1200.7420654296875
316,4.904633522033691,5,14533,72.66500091552734,1205.646728515625
317,1.6663634777069092,0,14533,72.66500091552734,1207.3131103515625
318,0.00012318292283453047,0,14533,72.66500091552734,1207.313232421875
319,2.4892375469207764,0,14533,72.66500091552734,1209.802490234375
320,0.0008821486844681203,0,14533,72.66500091552734,1209.8033447265625
321,1.6381585597991943,0,14533,72.66500091552734,1211.4415283203125
322,7.548629283905029,26,14559,72.79499816894531,1218.9901123046875
323,2.696474313735962,0,14559,72.79499816894531,1221.6866455078125
324,17.155048370361328,84,14643,73.21500396728516,1238.8416748046875
325,1.3504694700241089,0,14643,73.21500396728516,1240.192138671875
326,0.0018656258471310139,0,14643,73.21500396728516,1240.1939697265625
327,1.7822706699371338,0,14643,73.21500396728516,1241.9761962890625
328,7.458925724029541,65,14708,73.54000091552734,1249.4351806640625
329,0.3848610520362854,0,14708,73.54000091552734,1249.820068359375
330,0.0002813350292854011,0,14708,73.54000091552734,1249.8203125
331,1.9673737287521362,0,14708,73.54000091552734,1251.7877197265625
332,0.00019788740610238165,0,14708,73.54000091552734,1251.7879638671875
333,1.2292203903198242,0,14708,73.54000091552734,1253.0172119140625
334,0.0012389818439260125,0,14708,73.54000091552734,1253.0184326171875
335,3.252997398376465,0,14708,73.54000091552734,1256.271484375
336,0.0003012021188624203,0,14708,73.54000091552734,1256.271728515625
337,2.856297016143799,0,14708,73.54000091552734,1259.1280517578125
338,0.0005928674945607781,0,14708,73.54000091552734,1259.128662109375
339,1.5453730821609497,0,14708,73.54000091552734,1260.674072265625
340,2.9404956876533106e-05,0,14708,73.54000091552734,1260.674072265625
341,1.2904549837112427,0,14708,73.54000091552734,1261.9644775390625
342,0.00041882196092046797,0,14708,73.54000091552734,1261.96484375
343,0.4676664471626282,0,14708,73.54000091552734,1262.4324951171875
344,0.0008384386310353875,0,14708,73.54000091552734,1262.433349609375
345,1.6734622716903687,0,14708,73.54000091552734,1264.1068115234375
346,4.768371218233369e-05,0,14708,73.54000091552734,1264.1068115234375
347,4.828239440917969,0,14708,73.54000091552734,1268.93505859375
348,15.674711227416992,80,14788,73.94000244140625,1284.6097412109375
349,4.98197078704834,0,14788,73.94000244140625,1289.5916748046875
350,15.681639671325684,4,14792,73.95999908447266,1305.2733154296875
351,2.630147933959961,0,14792,73.95999908447266,1307.9034423828125
352,5.8989644050598145,72,14864,74.31999969482422,1313.8023681640625
353,0.9137794971466064,0,14864,74.31999969482422,1314.7161865234375
354,0.00028133392333984375,0,14864,74.31999969482422,1314.7164306640625
355,0.9110485315322876,0,14864,74.31999969482422,1315.62744140625
356,4.291534423828125e-05,0,14864,74.31999969482422,1315.62744140625
357,3.0921518802642822,0,14864,74.31999969482422,1318.7196044921875
358,17.005352020263672,104,14968,74.83999633789062,1335.7249755859375
359,0.8015477061271667,0,14968,74.83999633789062,1336.5264892578125
360,1.1239159221076989e-06,0,14968,74.83999633789062,1336.5264892578125
361,2.20416259765625,0,14968,74.83999633789062,1338.730712890625
362,0.0017396608600392938,0,14968,74.83999633789062,1338.732421875
363,0.504797637462616,0,14968,74.83999633789062,1339.2371826171875
364,0.0006008148193359375,0,14968,74.83999633789062,1339.23779296875
365,0.06984589248895645,0,14968,74.83999633789062,1339.3076171875
366,0.0005435943603515625,0,14968,74.83999633789062,1339.30810546875
367,4.1420111656188965,0,14968,74.83999633789062,1343.4500732421875
368,17.62347412109375,28,14996,74.9800033569336,1361.073486328125
369,0.018175892531871796,0,14996,74.9800033569336,1361.0916748046875
370,0.0006604213267564774,0,14996,74.9800033569336,1361.09228515625
371,2.6511666774749756,0,14996,74.9800033569336,1363.743408203125
372,0.0002113977971021086,0,14996,74.9800033569336,1363.74365234375
373,0.4692385494709015,0,14996,74.9800033569336,1364.212890625
374,0.00038782754563726485,0,14996,74.9800033569336,1364.2132568359375
375,2.0451338291168213,0,14996,74.9800033569336,1366.2584228515625
376,26.540552139282227,89,15085,75.42499542236328,1392.7989501953125
377,1.3060197830200195,0,15085,75.42499542236328,1394.10498046875
378,8.364895620616153e-05,0,15085,75.42499542236328,1394.1051025390625
379,0.2827690541744232,0,15085,75.42499542236328,1394.3878173828125
380,0.00015060105943121016,0,15085,75.42499542236328,1394.387939453125
381,2.9274044036865234,0,15085,75.42499542236328,1397.3153076171875
382,5.73192024230957,7,15092,75.45999908447266,1403.0472412109375
383,1.0277761220932007,0,15092,75.45999908447266,1404.0750732421875
384,0.0014130276395007968,0,15092,75.45999908447266,1404.0765380859375
385,1.8582509756088257,0,15092,75.45999908447266,1405.934814453125
386,6.45621919631958,19,15111,75.55500030517578,1412.3909912109375
387,3.683509588241577,0,15111,75.55500030517578,1416.074462890625
388,18.87562370300293,67,15178,75.88999938964844,1434.9500732421875
389,2.6674840450286865,0,15178,75.88999938964844,1437.6175537109375
390,0.0038870186544954777,0,15178,75.88999938964844,1437.6214599609375
391,4.426466941833496,0,15178,75.88999938964844,1442.0479736328125
392,0.0011897087097167969,0,15178,75.88999938964844,1442.0491943359375
393,1.1935971975326538,0,15178,75.88999938964844,1443.2427978515625
394,0.00020345051598269492,0,15178,75.88999938964844,1443.2430419921875
395,4.825449466705322,0,15178,75.88999938964844,1448.0684814453125
396,7.245853424072266,38,15216,76.08000183105469,1455.3143310546875
397,0.36493054032325745,0,15216,76.08000183105469,1455.6793212890625
398,0.0002717974712140858,0,15216,76.08000183105469,1455.6795654296875
399,2.9098427295684814,0,15216,76.08000183105469,1458.58935546875
400,22.554515838623047,155,15371,76.85499572753906,1481.1439208984375
401,0.5492018461227417,0,15371,76.85499572753906,1481.693115234375
402,0.0011436144122853875,0,15371,76.85499572753906,1481.6942138671875
403,4.052102088928223,0,15371,76.85499572753906,1485.746337890625
404,0.0010331470984965563,0,15371,76.85499572753906,1485.747314453125
405,0.6149492263793945,0,15371,76.85499572753906,1486.3623046875
406,8.267728805541992,79,15450,77.25,1494.6300048828125
407,1.6839693784713745,0,15450,77.25,1496.31396484375
408,0.0005006791325286031,0,15450,77.25,1496.314453125
409,3.8778347969055176,0,15450,77.25,1500.1922607421875
410,0.00280906748957932,0,15450,77.25,1500.195068359375
411,3.540198564529419,0,15450,77.25,1503.7352294921875
412,0.00032434859895147383,0,15450,77.25,1503.735595703125
413,4.6228532791137695,0,15450,77.25,1508.3583984375
414,10.459559440612793,12,15462,77.31000518798828,1518.8179931640625
415,3.177262306213379,0,15462,77.31000518798828,1521.9952392578125
416,0.0030473866499960423,0,15462,77.31000518798828,1521.998291015625
417,3.4806249141693115,0,15462,77.31000518798828,1525.4788818359375
418,0.0002956390380859375,0,15462,77.31000518798828,1525.4791259765625
419,0.44492003321647644,0,15462,77.31000518798828,1525.924072265625
420,0.00015934307884890586,0,15462,77.31000518798828,1525.9241943359375
421,4.877127170562744,0,15462,77.31000518798828,1530.80126953125
422,10.388021469116211,2,15464,77.31999969482422,1541.1893310546875
423,4.009634017944336,0,15464,77.31999969482422,1545.198974609375
424,13.726146697998047,14,15478,77.38999938964844,1558.9251708984375
425,1.3217030763626099,0,15478,77.38999938964844,1560.246826171875
426,0.00010808600927703083,0,15478,77.38999938964844,1560.2469482421875
427,4.157756328582764,0,15478,77.38999938964844,1564.4046630859375
428,16.03306007385254,40,15518,77.59000396728516,1580.437744140625
429,3.313338279724121,0,15518,77.59000396728516,1583.7510986328125
430,15.633283615112305,23,15541,77.70500183105469,1599.3843994140625
431,2.585336923599243,0,15541,77.70500183105469,1601.9697265625
432,11.57674789428711,102,15643,78.21499633789062,1613.5465087890625
433,4.980750560760498,0,15643,78.21499633789062,1618.5272216796875
434,10.041147232055664,7,15650,78.25,1628.568359375
435,4.757415771484375,0,15650,78.25,1633.3258056640625
436,0.005404471419751644,0,15650,78.25,1633.3311767578125
437,3.1539127826690674,0,15650,78.25,1636.485107421875
438,17.777978897094727,11,15661,78.30500030517578,1654.2630615234375
439,0.24792788922786713,0,15661,78.30500030517578,1654.510986328125
440,6.198883056640625e-05,0,15661,78.30500030517578,1654.5111083984375
441,3.5670406818389893,0,15661,78.30500030517578,1658.078125
442,23.44529151916504,56,15717,78.58499908447266,1681.5234375
443,3.9082188606262207,0,15717,78.58499908447266,1685.431640625
444,9.129020690917969,16,15733,78.66500091552734,1694.5606689453125
445,3.735529661178589,0,15733,78.66500091552734,1698.296142578125
446,4.083599090576172,5,15738,78.68999481201172,1702.3797607421875
447,3.7675459384918213,0,15738,78.68999481201172,1706.1473388671875
448,0.003936605527997017,0,15738,78.68999481201172,1706.1512451171875
449,3.734140157699585,0,15738,78.68999481201172,1709.8853759765625
450,22.42354965209961,75,15813,79.06500244140625,1732.3089599609375
451,0.024939676746726036,0,15813,79.06500244140625,1732.3338623046875
452,0.00046253271284513175,0,15813,79.06500244140625,1732.3343505859375
453,3.826050281524658,0,15813,79.06500244140625,1736.160400390625
454,0.00295480084605515,0,15813,79.06500244140625,1736.163330078125
455,0.2186821550130844,0,15813,79.06500244140625,1736.3819580078125
456,11.718573570251465,149,15962,79.80999755859375,1748.1005859375
457,3.9526569843292236,0,15962,79.80999755859375,1752.05322265625
458,15.296210289001465,183,16145,80.72500610351562,1767.3494873046875
459,2.6260337829589844,0,16145,80.72500610351562,1769.9754638671875
460,0.0005416098283603787,0,16145,80.72500610351562,1769.9759521484375
461,1.3806664943695068,0,16145,80.72500610351562,1771.3565673828125
462,9.821354866027832,13,16158,80.79000091552734,1781.177978515625
463,1.0286033153533936,0,16158,80.79000091552734,1782.20654296875
464,0.0001152356417151168,0,16158,80.79000091552734,1782.2066650390625
465,2.3508834838867188,0,16158,80.79000091552734,1784.5574951171875
466,0.0007335344562307,0,16158,80.79000091552734,1784.5582275390625
467,4.602479457855225,0,16158,80.79000091552734,1789.1607666015625
468,3.886312961578369,2,16160,80.80000305175781,1793.047119140625
469,1.5572906732559204,0,16160,80.80000305175781,1794.6043701171875
470,0.00010410944378236309,0,16160,80.80000305175781,1794.6044921875
471,2.899195909500122,0,16160,80.80000305175781,1797.503662109375
472,2.858273983001709,0,16160,80.80000305175781,1800.3619384765625
473,2.1725800037384033,0,16160,80.80000305175781,1802.5345458984375
474,11.519296646118164,0,16160,80.80000305175781,1814.0538330078125
475,3.8830087184906006,0,16160,80.80000305175781,1817.9368896484375
476,4.5246076583862305,62,16222,81.11000061035156,1822.4615478515625
477,1.5202069282531738,0,16222,81.11000061035156,1823.9818115234375
478,0.0035272040404379368,0,16222,81.11000061035156,1823.9853515625
479,1.4709844589233398,0,16222,81.11000061035156,1825.456298828125
480,0.00020543733262456954,0,16222,81.11000061035156,1825.45654296875
481,3.2407424449920654,0,16222,81.11000061035156,1828.697265625
482,0.0038216509856283665,0,16222,81.11000061035156,1828.7010498046875
483,2.0380232334136963,0,16222,81.11000061035156,1830.739013671875
484,6.874401879031211e-05,0,16222,81.11000061035156,1830.7391357421875
485,4.18159818649292,0,16222,81.11000061035156,1834.9207763671875
486,12.953719139099121,102,16324,81.62000274658203,1847.87451171875
487,0.37059542536735535,0,16324,81.62000274658203,1848.2451171875
488,2.603209941298701e-05,0,16324,81.62000274658203,1848.2451171875
489,4.224446773529053,0,16324,81.62000274658203,1852.4696044921875
490,6.176065921783447,92,16416,82.08000183105469,1858.6456298828125
491,3.3515775203704834,0,16416,82.08000183105469,1861.9971923828125
492,16.630823135375977,211,16627,83.13500213623047,1878.6280517578125
493,2.205500602722168,0,16627,83.13500213623047,1880.83349609375
494,0.0010399025632068515,0,16627,83.13500213623047,1880.8345947265625
495,1.4915952682495117,0,16627,83.13500213623047,1882.326171875
496,0.00011165936302859336,0,16627,83.13500213623047,1882.3262939453125
497,2.203364133834839,0,16627,83.13500213623047,1884.5296630859375
498,0.0005972385406494141,0,16627,83.13500213623047,1884.5302734375
499,3.120307445526123,0,16627,83.13500213623047,1887.650634765625
500,0.00041921931551769376,0,16627,83.13500213623047,1887.6510009765625
501,2.940840482711792,0,16627,83.13500213623047,1890.591796875
502,0.0004649162001442164,0,16627,83.13500213623047,1890.59228515625
503,0.3340231776237488,0,16627,83.13500213623047,1890.92626953125
504,0.00030358630465343595,0,16627,83.13500213623047,1890.926513671875
505,3.2912564277648926,0,16627,83.13500213623047,1894.2177734375
506,0.0013510385761037469,0,16627,83.13500213623047,1894.2191162109375
507,1.6073665618896484,0,16627,83.13500213623047,1895.8265380859375
508,12.168425559997559,71,16698,83.49000549316406,1907.9949951171875
509,4.4417009353637695,0,16698,83.49000549316406,1912.4366455078125
510,20.78260612487793,139,16837,84.18499755859375,1933.21923828125
511,3.328920364379883,0,16837,84.18499755859375,1936.5482177734375
512,0.05348319560289383,0,16837,84.18499755859375,1936.6016845703125
513,2.9608521461486816,0,16837,84.18499755859375,1939.5625
514,0.00043988224933855236,0,16837,84.18499755859375,1939.56298828125
515,0.14536501467227936,0,16837,84.18499755859375,1939.7083740234375
516,0.0003651777806226164,0,16837,84.18499755859375,1939.708740234375
517,3.0778942108154297,0,16837,84.18499755859375,1942.78662109375
518,0.11626354604959488,0,16837,84.18499755859375,1942.90283203125
519,2.111903429031372,0,16837,84.18499755859375,1945.0147705078125
520,4.450479900697246e-05,0,16837,84.18499755859375,1945.0147705078125
521,0.5527531504631042,0,16837,84.18499755859375,1945.5675048828125
522,7.232029747683555e-05,0,16837,84.18499755859375,1945.567626953125
523,0.6852208971977234,0,16837,84.18499755859375,1946.2528076171875
524,7.311502849915996e-05,0,16837,84.18499755859375,1946.2529296875
525,2.9358131885528564,0,16837,84.18499755859375,1949.188720703125
526,0.12268590927124023,0,16837,84.18499755859375,1949.3114013671875
527,4.227442264556885,0,16837,84.18499755859375,1953.538818359375
528,0.07003157585859299,0,16837,84.18499755859375,1953.60888671875
529,1.105579137802124,0,16837,84.18499755859375,1954.7144775390625
530,0.0011563301086425781,0,16837,84.18499755859375,1954.715576171875
531,3.6012468338012695,0,16837,84.18499755859375,1958.3167724609375
532,0.10224534571170807,0,16837,84.18499755859375,1958.4190673828125
533,1.0902988910675049,0,16837,84.18499755859375,1959.5093994140625
534,19.637317657470703,69,16906,84.52999877929688,1979.146728515625
535,3.074963331222534,0,16906,84.52999877929688,1982.2216796875
536,8.722705841064453,0,16906,84.52999877929688,1990.9443359375
537,3.4905598163604736,0,16906,84.52999877929688,1994.4349365234375
538,0.026074249297380447,0,16906,84.52999877929688,1994.4610595703125
539,1.029363751411438,0,16906,84.52999877929688,1995.490478515625
540,0.00042994815157726407,0,16906,84.52999877929688,1995.490966796875
541,1.9616864919662476,0,16906,84.52999877929688,1997.45263671875
542,6.12764310836792,24,16930,84.6500015258789,2003.580322265625
543,1.3506660461425781,0,16930,84.6500015258789,2004.9310302734375
544,0.0022236506920307875,0,16930,84.6500015258789,2004.9332275390625
545,3.2865545749664307,0,16930,84.6500015258789,2008.2197265625
546,13.105475425720215,76,17006,85.02999877929688,2021.3251953125
547,3.8024938106536865,0,17006,85.02999877929688,2025.127685546875
548,15.10158634185791,238,17244,86.22000122070312,2040.229248046875
549,1.0734426975250244,0,17244,86.22000122070312,2041.302734375
550,6.834665691712871e-05,0,17244,86.22000122070312,2041.3028564453125
551,2.466553211212158,0,17244,86.22000122070312,2043.7694091796875
552,13.772889137268066,3,17247,86.23500061035156,2057.542236328125
553,4.6046037673950195,0,17247,86.23500061035156,2062.146728515625
554,19.043668746948242,31,17278,86.38999938964844,2081.1904296875
555,4.791358470916748,0,17278,86.38999938964844,2085.981689453125
556,19.036916732788086,78,17356,86.77999877929688,2105.0185546875
557,4.01128625869751,0,17356,86.77999877929688,2109.02978515625
558,5.89447021484375,4,17360,86.79999542236328,2114.92431640625
559,2.201218605041504,0,17360,86.79999542236328,2117.12548828125
560,0.0007386156357824802,0,17360,86.79999542236328,2117.126220703125
561,3.566666603088379,0,17360,86.79999542236328,2120.69287109375
562,18.385644912719727,82,17442,87.20999908447266,2139.07861328125
563,2.8660712242126465,0,17442,87.20999908447266,2141.944580078125
564,9.082868576049805,16,17458,87.29000091552734,2151.02734375
565,4.880925178527832,0,17458,87.29000091552734,2155.908203125
566,6.145346164703369,3,17461,87.30500030517578,2162.053466796875
567,3.0719611644744873,0,17461,87.30500030517578,2165.12548828125
568,0.0002229213569080457,0,17461,87.30500030517578,2165.125732421875
569,3.6408777236938477,0,17461,87.30500030517578,2168.7666015625
570,3.039536714553833,2,17463,87.31500244140625,2171.80615234375
571,4.36506986618042,0,17463,87.31500244140625,2176.171142578125
572,9.34312629699707,21,17484,87.41999816894531,2185.51416015625
573,0.008032302372157574,0,17484,87.41999816894531,2185.522216796875
574,0.00012449381756596267,0,17484,87.41999816894531,2185.5224609375
575,1.8162413835525513,0,17484,87.41999816894531,2187.338623046875
576,0.00033329366124235094,0,17484,87.41999816894531,2187.3388671875
577,4.643795967102051,0,17484,87.41999816894531,2191.982666015625
578,17.646324157714844,53,17537,87.68499755859375,2209.62890625
579,3.3165416717529297,0,17537,87.68499755859375,2212.945556640625
580,6.195182800292969,1,17538,87.69000244140625,2219.140625
581,1.8056666851043701,0,17538,87.69000244140625,2220.9462890625
582,0.00020822041551582515,0,17538,87.69000244140625,2220.946533203125
583,1.8860623836517334,0,17538,87.69000244140625,2222.83251953125
584,21.8648624420166,12,17550,87.75,2244.697265625
585,2.3455042839050293,0,17550,87.75,2247.042724609375
586,0.0012073913821950555,0,17550,87.75,2247.0439453125
587,4.754925727844238,0,17550,87.75,2251.798828125
588,1.9315587282180786,17,17567,87.83499908447266,2253.73046875
589,3.286463737487793,0,17567,87.83499908447266,2257.016845703125
590,22.901025772094727,12,17579,87.8949966430664,2279.91796875
591,2.207827568054199,0,17579,87.8949966430664,2282.125732421875
592,0.00032743203337304294,0,17579,87.8949966430664,2282.1259765625
593,0.8955466747283936,0,17579,87.8949966430664,2283.021484375
594,0.0014209747314453125,0,17579,87.8949966430664,2283.02294921875
595,3.6147401332855225,0,17579,87.8949966430664,2286.6376953125
596,10.093903541564941,8,17587,87.93499755859375,2296.731689453125
597,3.4551045894622803,0,17587,87.93499755859375,2300.186767578125
598,15.276449203491211,7,17594,87.97000122070312,2315.463134765625
599,3.057311773300171,0,17594,87.97000122070312,2318.5205078125
600,0.0032710875384509563,0,17594,87.97000122070312,2318.523681640625
601,3.280791759490967,0,17594,87.97000122070312,2321.804443359375
602,0.00022436176368501037,0,17594,87.97000122070312,2321.8046875
603,3.1031606197357178,0,17594,87.97000122070312,2324.907958984375
604,0.0015389289474114776,0,17594,87.97000122070312,2324.909423828125
605,0.5366456508636475,0,17594,87.97000122070312,2325.446044921875
606,13.27426815032959,93,17687,88.43499755859375,2338.72021484375
607,0.10942114889621735,0,17687,88.43499755859375,2338.82958984375
608,0.00013192494225222617,0,17687,88.43499755859375,2338.829833984375
609,2.585528612136841,0,17687,88.43499755859375,2341.415283203125
610,0.8178048133850098,0,17687,88.43499755859375,2342.233154296875
611,2.966524124145508,0,17687,88.43499755859375,2345.19970703125
612,0.0024064381141215563,0,17687,88.43499755859375,2345.2021484375
613,4.59546422958374,0,17687,88.43499755859375,2349.797607421875
614,27.40204620361328,104,17791,88.95499420166016,2377.19970703125
615,0.07606971263885498,0,17791,88.95499420166016,2377.27587890625
616,0.00015636486932635307,0,17791,88.95499420166016,2377.276123046875
617,3.6092281341552734,0,17791,88.95499420166016,2380.88525390625
618,13.595307350158691,42,17833,89.16500091552734,2394.48046875
619,0.060620203614234924,0,17833,89.16500091552734,2394.541015625
620,0.00017087013111449778,0,17833,89.16500091552734,2394.541259765625
621,4.883346080780029,0,17833,89.16500091552734,2399.424560546875
622,14.428816795349121,56,17889,89.44499969482422,2413.853271484375
623,4.539682865142822,0,17889,89.44499969482422,2418.39306640625
624,18.374725341796875,29,17918,89.59000396728516,2436.767822265625
625,1.1651657819747925,0,17918,89.59000396728516,2437.93310546875
626,3.417462721699849e-05,0,17918,89.59000396728516,2437.93310546875
627,3.080974578857422,0,17918,89.59000396728516,2441.01416015625
628,12.749466896057129,127,18045,90.2249984741211,2453.763671875
629,2.8359029293060303,0,18045,90.2249984741211,2456.599609375
630,0.0065557160414755344,0,18045,90.2249984741211,2456.606201171875
631,1.7305649518966675,0,18045,90.2249984741211,2458.336669921875
632,0.0001537799835205078,0,18045,90.2249984741211,2458.3369140625
633,3.4798083305358887,0,18045,90.2249984741211,2461.816650390625
634,6.787192344665527,59,18104,90.52000427246094,2468.603759765625
635,2.4187300205230713,0,18104,90.52000427246094,2471.0224609375
636,0.000586529029533267,0,18104,90.52000427246094,2471.02294921875
637,4.788426876068115,0,18104,90.52000427246094,2475.811279296875
638,13.173282623291016,9,18113,90.56500244140625,2488.984619140625
639,4.790010929107666,0,18113,90.56500244140625,2493.774658203125
640,21.31814193725586,82,18195,90.9749984741211,2515.0927734375
641,4.504293918609619,0,18195,90.9749984741211,2519.59716796875
642,7.202419281005859,63,18258,91.28999328613281,2526.799560546875
643,0.8234441876411438,0,18258,91.28999328613281,2527.623046875
644,0.001229147077538073,0,18258,91.28999328613281,2527.624267578125
645,2.7946255207061768,0,18258,91.28999328613281,2530.4189453125
646,5.68404483795166,33,18291,91.45500183105469,2536.10302734375
647,0.40530455112457275,0,18291,91.45500183105469,2536.50830078125
648,0.00011593141971388832,0,18291,91.45500183105469,2536.50830078125
649,1.947785496711731,0,18291,91.45500183105469,2538.4560546875
650,0.026447126641869545,0,18291,91.45500183105469,2538.482421875
651,4.311413288116455,0,18291,91.45500183105469,2542.7939453125
652,6.193570613861084,56,18347,91.73500061035156,2548.987548828125
653,0.06191376596689224,0,18347,91.73500061035156,2549.049560546875
654,0.00014384806854650378,0,18347,91.73500061035156,2549.0498046875
655,1.9601656198501587,0,18347,91.73500061035156,2551.010009765625
656,0.00036100545548833907,0,18347,91.73500061035156,2551.01025390625
657,4.835872650146484,0,18347,91.73500061035156,2555.84619140625
658,3.7453439235687256,43,18390,91.94999694824219,2559.591552734375
659,2.252836227416992,0,18390,91.94999694824219,2561.844482421875
660,12.169387817382812,72,18462,92.30999755859375,2574.013916015625
661,0.6600819826126099,0,18462,92.30999755859375,2574.674072265625
662,0.0005334329325705767,0,18462,92.30999755859375,2574.674560546875
663,4.220115661621094,0,18462,92.30999755859375,2578.894775390625
664,14.184800148010254,35,18497,92.48500061035156,2593.07958984375
665,4.579846382141113,0,18497,92.48500061035156,2597.659423828125
666,19.20891761779785,17,18514,92.56999969482422,2616.868408203125
667,2.7986929416656494,0,18514,92.56999969482422,2619.6669921875
668,10.045212745666504,5,18519,92.59500122070312,2629.712158203125
669,3.3527026176452637,0,18519,92.59500122070312,2633.06494140625
670,6.727940082550049,0,18519,92.59500122070312,2639.79296875
671,4.719415664672852,0,18519,92.59500122070312,2644.512451171875
672,8.039047241210938,5,18524,92.6199951171875,2652.551513671875
673,1.4527902603149414,0,18524,92.6199951171875,2654.00439453125
674,1.5003353357315063,0,18524,92.6199951171875,2655.504638671875
675,0.936660647392273,0,18524,92.6199951171875,2656.44140625
676,0.000347693741787225,0,18524,92.6199951171875,2656.441650390625
677,0.2997363805770874,0,18524,92.6199951171875,2656.741455078125
678,0.00023682911705691367,0,18524,92.6199951171875,2656.74169921875
679,3.261810302734375,0,18524,92.6199951171875,2660.00341796875
680,0.002377033233642578,0,18524,92.6199951171875,2660.005859375
681,0.6858359575271606,0,18524,92.6199951171875,2660.691650390625
682,0.3367363512516022,0,18524,92.6199951171875,2661.0283203125
683,2.499846935272217,0,18524,92.6199951171875,2663.528076171875
684,0.0011102358112111688,0,18524,92.6199951171875,2663.529296875
685,3.8477885723114014,0,18524,92.6199951171875,2667.377197265625
686,0.0007224082946777344,0,18524,92.6199951171875,2667.3779296875
687,0.9606657028198242,0,18524,92.6199951171875,2668.338623046875
688,0.00019788740610238165,0,18524,92.6199951171875,2668.3388671875
689,3.8853940963745117,0,18524,92.6199951171875,2672.224365234375
690,0.1024528294801712,1,18525,92.625,2672.326904296875
691,2.8297016620635986,0,18525,92.625,2675.156494140625
692,0.002582073211669922,0,18525,92.625,2675.1591796875
693,0.0576426200568676,0,18525,92.625,2675.216796875
694,0.003606080776080489,0,18525,92.625,2675.220458984375
695,0.2801276743412018,0,18525,92.625,2675.50048828125
696,0.001213153125718236,0,18525,92.625,2675.501708984375
697,1.0092852115631104,0,18525,92.625,2676.510986328125
698,0.00026345252990722656,0,18525,92.625,2676.51123046875
699,4.794366836547852,0,18525,92.625,2681.3056640625
700,8.218063354492188,21,18546,92.72999572753906,2689.523681640625
701,4.424267768859863,0,18546,92.72999572753906,2693.947998046875
702,6.331479072570801,2,18548,92.73999786376953,2700.279541015625
703,4.436708450317383,0,18548,92.73999786376953,2704.71630859375
704,10.770421981811523,1,18549,92.74500274658203,2715.48681640625
705,3.540738582611084,0,18549,92.74500274658203,2719.027587890625
706,0.000592664408031851,0,18549,92.74500274658203,2719.028076171875
707,0.570949137210846,0,18549,92.74500274658203,2719.59912109375
708,0.00028021648176945746,0,18549,92.74500274658203,2719.599365234375
709,3.5553622245788574,0,18549,92.74500274658203,2723.15478515625
710,0.009306015446782112,0,18549,92.74500274658203,2723.1640625
711,4.114633560180664,0,18549,92.74500274658203,2727.27880859375
712,11.14719295501709,1,18550,92.75,2738.426025390625
713,2.9820475578308105,0,18550,92.75,2741.407958984375
714,1.352785587310791,1,18551,92.7550048828125,2742.7607421875
715,4.440790176391602,0,18551,92.7550048828125,2747.201416015625
716,3.3362510204315186,2,18553,92.76499938964844,2750.53759765625
717,1.3585268259048462,0,18553,92.76499938964844,2751.896240234375
718,19.51008415222168,16,18569,92.84500122070312,2771.40625
719,2.0730671882629395,0,18569,92.84500122070312,2773.479248046875
720,0.8679078817367554,0,18569,92.84500122070312,2774.34716796875
721,2.3394322395324707,0,18569,92.84500122070312,2776.6865234375
722,12.450797080993652,4,18573,92.86500549316406,2789.13720703125
723,4.018782138824463,0,18573,92.86500549316406,2793.156005859375
724,8.883368492126465,7,18580,92.9000015258789,2802.039306640625
725,0.2344287782907486,0,18580,92.9000015258789,2802.273681640625
726,0.0005511444178409874,0,18580,92.9000015258789,2802.274169921875
727,2.5574097633361816,0,18580,92.9000015258789,2804.83154296875
728,0.00021855035447515547,0,18580,92.9000015258789,2804.831787109375
729,0.1023758053779602,0,18580,92.9000015258789,2804.93408203125
730,0.0002507368626538664,0,18580,92.9000015258789,2804.934326171875
731,3.202255964279175,0,18580,92.9000015258789,2808.136474609375
732,0.0016150871524587274,0,18580,92.9000015258789,2808.13818359375
733,3.1743524074554443,0,18580,92.9000015258789,2811.3125
734,5.806149959564209,10,18590,92.94999694824219,2817.11865234375
735,1.3264439105987549,0,18590,92.94999694824219,2818.445068359375
736,0.00023604193120263517,0,18590,92.94999694824219,2818.4453125
737,3.4837372303009033,0,18590,92.94999694824219,2821.928955078125
738,14.676581382751465,67,18657,93.28500366210938,2836.60546875
739,0.34137246012687683,0,18657,93.28500366210938,2836.94677734375
740,7.467173418262973e-05,0,18657,93.28500366210938,2836.94677734375
741,4.683360576629639,0,18657,93.28500366210938,2841.630126953125
742,5.953972339630127,0,18657,93.28500366210938,2847.583984375
743,4.59820032119751,0,18657,93.28500366210938,2852.18212890625
744,6.181385517120361,2,18659,93.29499816894531,2858.363525390625
745,1.049646019935608,0,18659,93.29499816894531,2859.4130859375
746,0.0001356998982373625,0,18659,93.29499816894531,2859.413330078125
747,4.523279190063477,0,18659,93.29499816894531,2863.9365234375
748,15.941198348999023,1,18660,93.30000305175781,2879.877685546875
749,4.9375505447387695,0,18660,93.30000305175781,2884.815185546875
750,16.483463287353516,5,18665,93.32500457763672,2901.298583984375
751,0.40805938839912415,0,18665,93.32500457763672,2901.70654296875
752,0.0005001829122193158,0,18665,93.32500457763672,2901.70703125
753,3.5368642807006836,0,18665,93.32500457763672,2905.243896484375
754,19.03654670715332,51,18716,93.58000183105469,2924.280517578125
755,2.914205551147461,0,18716,93.58000183105469,2927.19482421875
756,22.405405044555664,29,18745,93.7249984741211,2949.600341796875
757,4.267725944519043,0,18745,93.7249984741211,2953.8681640625
758,18.37999153137207,16,18761,93.80500030517578,2972.248046875
759,3.928602457046509,0,18761,93.80500030517578,2976.1767578125
760,7.92340087890625,10,18771,93.85499572753906,2984.10009765625
761,3.3302719593048096,0,18771,93.85499572753906,2987.430419921875
762,0.00044902163790538907,0,18771,93.85499572753906,2987.430908203125
763,3.7464354038238525,0,18771,93.85499572753906,2991.17724609375
764,15.83176040649414,0,18771,93.85499572753906,3007.009033203125
765,3.7522454261779785,0,18771,93.85499572753906,3010.76123046875
766,9.602197647094727,1,18772,93.86000061035156,3020.363525390625
767,2.8416154384613037,0,18772,93.86000061035156,3023.205078125
768,0.00252866605296731,0,18772,93.86000061035156,3023.20751953125
769,1.7843151092529297,0,18772,93.86000061035156,3024.991943359375
770,13.673876762390137,12,18784,93.91999816894531,3038.665771484375
771,2.0932517051696777,0,18784,93.91999816894531,3040.759033203125
772,0.34258249402046204,0,18784,93.91999816894531,3041.1015625
773,2.033198833465576,0,18784,93.91999816894531,3043.134765625
774,0.0023301441688090563,0,18784,93.91999816894531,3043.13720703125
775,2.9638240337371826,0,18784,93.91999816894531,3046.10107421875
776,0.3650159537792206,0,18784,93.91999816894531,3046.466064453125
777,4.520260810852051,0,18784,93.91999816894531,3050.986328125
778,0.40115517377853394,0,18784,93.91999816894531,3051.387451171875
779,3.8443362712860107,0,18784,93.91999816894531,3055.231689453125
780,16.278566360473633,12,18796,93.9800033569336,3071.51025390625
781,3.7983951568603516,0,18796,93.9800033569336,3075.30859375
782,9.251224517822266,9,18805,94.0250015258789,3084.559814453125
783,2.216885805130005,0,18805,94.0250015258789,3086.776611328125
784,0.00038395653245970607,0,18805,94.0250015258789,3086.777099609375
785,2.888488531112671,0,18805,94.0250015258789,3089.66552734375
786,0.00047991672181524336,0,18805,94.0250015258789,3089.666015625
787,0.8120859265327454,0,18805,94.0250015258789,3090.47802734375
788,0.0033998487051576376,0,18805,94.0250015258789,3090.4814453125
789,3.7392234802246094,0,18805,94.0250015258789,3094.220703125
790,7.571821689605713,0,18805,94.0250015258789,3101.79248046875
791,1.8080508708953857,0,18805,94.0250015258789,3103.6005859375
792,8.424122643191367e-05,0,18805,94.0250015258789,3103.6005859375
793,0.36042678356170654,0,18805,94.0250015258789,3103.9609375
794,0.00017007191490847617,0,18805,94.0250015258789,3103.961181640625
795,4.985217571258545,0,18805,94.0250015258789,3108.9462890625
796,21.235933303833008,4,18809,94.04499816894531,3130.18212890625
797,0.9399808645248413,0,18809,94.04499816894531,3131.1220703125
798,0.0005833329632878304,0,18809,94.04499816894531,3131.12255859375
799,2.722292900085449,0,18809,94.04499816894531,3133.844970703125
800,9.680795669555664,2,18811,94.05500030517578,3143.52587890625
801,0.07665293663740158,0,18811,94.05500030517578,3143.6025390625
802,0.00011379588977433741,0,18811,94.05500030517578,3143.6025390625
803,1.8937562704086304,0,18811,94.05500030517578,3145.496337890625
804,0.00038772818516008556,0,18811,94.05500030517578,3145.496826171875
805,4.392220497131348,0,18811,94.05500030517578,3149.88916015625
806,2.628185272216797,3,18814,94.06999969482422,3152.517333984375
807,0.9000694155693054,0,18814,94.06999969482422,3153.41748046875
808,0.0005742412176914513,0,18814,94.06999969482422,3153.41796875
809,2.40922474861145,0,18814,94.06999969482422,3155.8271484375
810,0.0001691281795501709,0,18814,94.06999969482422,3155.827392578125
811,2.6630148887634277,0,18814,94.06999969482422,3158.490478515625
812,4.310132026672363,0,18814,94.06999969482422,3162.800537109375
813,4.44349479675293,0,18814,94.06999969482422,3167.244140625
814,4.091977596282959,8,18822,94.11000061035156,3171.336181640625
815,1.4372326135635376,0,18822,94.11000061035156,3172.7734375
816,5.9296674728393555,5,18827,94.13499450683594,3178.703125
817,1.6624675989151,0,18827,94.13499450683594,3180.365478515625
818,0.0003369649057276547,0,18827,94.13499450683594,3180.36572265625
819,0.025874273851513863,0,18827,94.13499450683594,3180.3916015625
820,0.00034809112548828125,0,18827,94.13499450683594,3180.391845703125
821,4.01363468170166,0,18827,94.13499450683594,3184.405517578125
822,9.363598823547363,0,18827,94.13499450683594,3193.76904296875
823,4.389549255371094,0,18827,94.13499450683594,3198.15869140625
824,5.98171854019165,4,18831,94.15499877929688,3204.140380859375
825,4.613953590393066,0,18831,94.15499877929688,3208.75439453125
826,21.589059829711914,10,18841,94.20500183105469,3230.343505859375
827,4.446894645690918,0,18841,94.20500183105469,3234.790283203125
828,21.265121459960938,56,18897,94.48500061035156,3256.055419921875
829,3.4156901836395264,0,18897,94.48500061035156,3259.47119140625
830,2.881527900695801,17,18914,94.56999969482422,3262.352783203125
831,1.9936643838882446,0,18914,94.56999969482422,3264.346435546875
832,0.0007303555612452328,0,18914,94.56999969482422,3264.34716796875
833,3.896556854248047,0,18914,94.56999969482422,3268.24365234375
834,0.0012238819617778063,0,18914,94.56999969482422,3268.244873046875
835,2.8335282802581787,0,18914,94.56999969482422,3271.078369140625
836,0.000171661376953125,0,18914,94.56999969482422,3271.07861328125
837,1.5365102291107178,0,18914,94.56999969482422,3272.615234375
838,0.00017801919602788985,0,18914,94.56999969482422,3272.615478515625
839,2.5374813079833984,0,18914,94.56999969482422,3275.153076171875
840,12.815629005432129,0,18914,94.56999969482422,3287.96875
841,3.76678204536438,0,18914,94.56999969482422,3291.735595703125
842,13.498558044433594,12,18926,94.6300048828125,3305.234130859375
843,0.8571196794509888,0,18926,94.6300048828125,3306.09130859375
844,0.0003600155469030142,0,18926,94.6300048828125,3306.091552734375
845,1.5503952503204346,0,18926,94.6300048828125,3307.641845703125
846,5.165735638001934e-05,0,18926,94.6300048828125,3307.641845703125
847,1.4085173606872559,0,18926,94.6300048828125,3309.05029296875
848,0.0002996126713696867,0,18926,94.6300048828125,3309.050537109375
849,3.515599489212036,0,18926,94.6300048828125,3312.566162109375
850,15.988188743591309,16,18942,94.70999908447266,3328.554443359375
851,1.1998414993286133,0,18942,94.70999908447266,3329.75439453125
852,0.0004688919289037585,0,18942,94.70999908447266,3329.7548828125
853,4.430403232574463,0,18942,94.70999908447266,3334.185302734375
854,4.629056453704834,0,18942,94.70999908447266,3338.814453125
855,1.2165390253067017,0,18942,94.70999908447266,3340.031005859375
856,0.00018537213327363133,0,18942,94.70999908447266,3340.03125
857,1.455031394958496,0,18942,94.70999908447266,3341.486328125
858,0.0001440445485059172,0,18942,94.70999908447266,3341.486572265625
859,4.714931964874268,0,18942,94.70999908447266,3346.201416015625
860,2.820821523666382,0,18942,94.70999908447266,3349.022216796875
861,2.6627120971679688,0,18942,94.70999908447266,3351.684814453125
862,0.0012019919231534004,0,18942,94.70999908447266,3351.68603515625
863,4.8129472732543945,0,18942,94.70999908447266,3356.4990234375
864,6.7353620529174805,14,18956,94.77999877929688,3363.234375
865,4.135591506958008,0,18956,94.77999877929688,3367.369873046875
866,3.041231393814087,5,18961,94.80500030517578,3370.4111328125
867,4.206751346588135,0,18961,94.80500030517578,3374.617919921875
868,2.0364065170288086,0,18961,94.80500030517578,3376.654296875
869,1.9495056867599487,0,18961,94.80500030517578,3378.603759765625
870,18.223657608032227,27,18988,94.94000244140625,3396.827392578125
871,0.4115940034389496,0,18988,94.94000244140625,3397.239013671875
872,6.516774010378867e-05,0,18988,94.94000244140625,3397.239013671875
873,0.7938884496688843,0,18988,94.94000244140625,3398.032958984375
874,0.00027577081345953047,0,18988,94.94000244140625,3398.033203125
875,0.7635654211044312,0,18988,94.94000244140625,3398.796875
876,0.0007895628223195672,0,18988,94.94000244140625,3398.797607421875
877,2.1202805042266846,0,18988,94.94000244140625,3400.91796875
878,13.205963134765625,17,19005,95.0250015258789,3414.1240234375
879,4.739467144012451,0,19005,95.0250015258789,3418.863525390625
880,15.254026412963867,1,19006,95.02999877929688,3434.117431640625
881,4.688217639923096,0,19006,95.02999877929688,3438.8056640625
882,15.003987312316895,11,19017,95.08499908447266,3453.8095703125
883,2.7146074771881104,0,19017,95.08499908447266,3456.524169921875
884,3.275317907333374,1,19018,95.09000396728516,3459.799560546875
885,4.314236640930176,0,19018,95.09000396728516,3464.11376953125
886,2.3991971015930176,2,19020,95.0999984741211,3466.512939453125
887,3.5419137477874756,0,19020,95.0999984741211,3470.054931640625
888,14.186922073364258,0,19020,95.0999984741211,3484.241943359375
889,3.128349542617798,0,19020,95.0999984741211,3487.370361328125
890,0.0027207531966269016,0,19020,95.0999984741211,3487.373046875
891,0.10787828266620636,0,19020,95.0999984741211,3487.48095703125
892,0.006119410041719675,0,19020,95.0999984741211,3487.487060546875
893,3.6338601112365723,0,19020,95.0999984741211,3491.120849609375
894,7.385286808013916,0,19020,95.0999984741211,3498.506103515625
895,3.095898389816284,0,19020,95.0999984741211,3501.60205078125
896,12.970582008361816,18,19038,95.19000244140625,3514.57275390625
897,4.740543365478516,0,19038,95.19000244140625,3519.313232421875
898,21.065624237060547,0,19038,95.19000244140625,3540.37890625
899,3.315852642059326,0,19038,95.19000244140625,3543.69482421875
900,0.6518890261650085,0,19038,95.19000244140625,3544.3466796875
901,2.236490249633789,0,19038,95.19000244140625,3546.583251953125
902,0.00015934307884890586,0,19038,95.19000244140625,3546.58349609375
903,0.7910288572311401,0,19038,95.19000244140625,3547.37451171875
904,0.0004593531193677336,0,19038,95.19000244140625,3547.375
905,3.504558563232422,0,19038,95.19000244140625,3550.879638671875
906,25.666147232055664,17,19055,95.2750015258789,3576.5458984375
907,0.7699607610702515,0,19055,95.2750015258789,3577.31591796875
908,0.0001780351740308106,0,19055,95.2750015258789,3577.316162109375
909,0.32120823860168457,0,19055,95.2750015258789,3577.637451171875
910,0.00027457872056402266,0,19055,95.2750015258789,3577.6376953125
911,2.6763458251953125,0,19055,95.2750015258789,3580.31396484375
912,0.0005106130847707391,0,19055,95.2750015258789,3580.314453125
913,2.3762917518615723,0,19055,95.2750015258789,3582.690673828125
914,22.87948989868164,21,19076,95.3800048828125,3605.570068359375
915,0.10857837647199631,0,19076,95.3800048828125,3605.6787109375
916,0.00037948621320538223,0,19076,95.3800048828125,3605.67919921875
917,4.564635276794434,0,19076,95.3800048828125,3610.243896484375
918,16.439781188964844,11,19087,95.43499755859375,3626.68359375
919,4.300980091094971,0,19087,95.43499755859375,3630.984619140625
920,15.667017936706543,24,19111,95.55500030517578,3646.651611328125
921,4.379247188568115,0,19111,95.55500030517578,3651.03076171875
922,9.998753547668457,9,19120,95.5999984741211,3661.029541015625
923,1.008626103401184,0,19120,95.5999984741211,3662.0380859375
924,3.927328361896798e-05,0,19120,95.5999984741211,3662.0380859375
925,1.7903685569763184,0,19120,95.5999984741211,3663.828369140625
926,0.0005272377165965736,0,19120,95.5999984741211,3663.828857421875
927,3.48960280418396,0,19120,95.5999984741211,3667.318359375
928,0.000823532638605684,0,19120,95.5999984741211,3667.319091796875
929,3.693452835083008,0,19120,95.5999984741211,3671.012451171875
930,12.887527465820312,0,19120,95.5999984741211,3683.89990234375
931,1.8017503023147583,0,19120,95.5999984741211,3685.70166015625
932,0.00012795192014891654,0,19120,95.5999984741211,3685.701904296875
933,3.7488303184509277,0,19120,95.5999984741211,3689.45068359375
934,17.154932022094727,17,19137,95.68499755859375,3706.605712890625
935,2.881113290786743,0,19137,95.68499755859375,3709.48681640625
936,2.394500970840454,8,19145,95.7249984741211,3711.88134765625
937,2.5649757385253906,0,19145,95.7249984741211,3714.4462890625
938,27.28126335144043,6,19151,95.75499725341797,3741.7275390625
939,4.242310047149658,0,19151,95.75499725341797,3745.969970703125
940,8.20605754852295,0,19151,95.75499725341797,3754.176025390625
941,3.041729688644409,0,19151,95.75499725341797,3757.2177734375
942,7.236422538757324,0,19151,95.75499725341797,3764.4541015625
943,2.1577272415161133,0,19151,95.75499725341797,3766.61181640625
944,16.97466278076172,0,19151,95.75499725341797,3783.58642578125
945,2.6095104217529297,0,19151,95.75499725341797,3786.196044921875
946,0.0005380335496738553,0,19151,95.75499725341797,3786.196533203125
947,4.599842548370361,0,19151,95.75499725341797,3790.79638671875
948,5.215644836425781,1,19152,95.76000213623047,3796.011962890625
949,4.801468372344971,0,19152,95.76000213623047,3800.8134765625
950,3.742727756500244,0,19152,95.76000213623047,3804.55615234375
951,1.3709509372711182,0,19152,95.76000213623047,3805.927001953125
952,13.409462928771973,0,19152,95.76000213623047,3819.33642578125
953,1.6458402872085571,0,19152,95.76000213623047,3820.982177734375
954,3.381333954166621e-05,0,19152,95.76000213623047,3820.982177734375
955,3.6987719535827637,0,19152,95.76000213623047,3824.680908203125
956,3.095266819000244,0,19152,95.76000213623047,3827.776123046875
957,0.7882512211799622,0,19152,95.76000213623047,3828.564453125
958,7.520119106629863e-05,0,19152,95.76000213623047,3828.564453125
959,0.7125150561332703,0,19152,95.76000213623047,3829.27685546875
960,7.659196853637695e-05,0,19152,95.76000213623047,3829.27685546875
961,4.195526123046875,0,19152,95.76000213623047,3833.472412109375
962,3.3744349479675293,29,19181,95.90499877929688,3836.846923828125
963,2.2949130535125732,0,19181,95.90499877929688,3839.141845703125
964,6.174190044403076,4,19185,95.92499542236328,3845.31591796875
965,1.1212646961212158,0,19185,95.92499542236328,3846.437255859375
966,0.00010167558502871543,0,19185,95.92499542236328,3846.437255859375
967,3.834087610244751,0,19185,95.92499542236328,3850.271240234375
968,15.531204223632812,47,19232,96.16000366210938,3865.802490234375
969,1.9083045721054077,0,19232,96.16000366210938,3867.710693359375
970,4.380768299102783,0,19232,96.16000366210938,3872.091552734375
971,3.6312479972839355,0,19232,96.16000366210938,3875.722900390625
972,7.782670974731445,2,19234,96.17000579833984,3883.505615234375
973,3.4216723442077637,0,19234,96.17000579833984,3886.92724609375
974,5.729182243347168,0,19234,96.17000579833984,3892.656494140625
975,2.324251890182495,0,19234,96.17000579833984,3894.980712890625
976,12.363142013549805,12,19246,96.2300033569336,3907.34375
977,1.231008768081665,0,19246,96.2300033569336,3908.57470703125
978,0.00032317714067175984,0,19246,96.2300033569336,3908.574951171875
979,4.164008617401123,0,19246,96.2300033569336,3912.739013671875
980,12.803611755371094,3,19249,96.24500274658203,3925.542724609375
981,1.932005524635315,0,19249,96.24500274658203,3927.474609375
982,0.003942648880183697,0,19249,96.24500274658203,3927.478515625
983,3.9667556285858154,0,19249,96.24500274658203,3931.4453125
984,0.0005269050598144531,0,19249,96.24500274658203,3931.44580078125
985,2.4234185218811035,0,19249,96.24500274658203,3933.869140625
986,0.00018914540123660117,0,19249,96.24500274658203,3933.869384765625
987,3.859379291534424,0,19249,96.24500274658203,3937.728759765625
988,12.58454418182373,2,19251,96.25499725341797,3950.313232421875
989,2.593446969985962,0,19251,96.25499725341797,3952.90673828125
990,0.002342065330594778,0,19251,96.25499725341797,3952.9091796875
991,1.5201518535614014,0,19251,96.25499725341797,3954.429443359375
992,0.00017086663865484297,0,19251,96.25499725341797,3954.4296875
993,0.38215020298957825,0,19251,96.25499725341797,3954.811767578125
994,0.0002884864807128906,0,19251,96.25499725341797,3954.81201171875
995,1.8982430696487427,0,19251,96.25499725341797,3956.710205078125
996,6.298529624938965,4,19255,96.2750015258789,3963.0087890625
997,4.1219801902771,0,19255,96.2750015258789,3967.130859375
998,2.6777548789978027,0,19255,96.2750015258789,3969.80859375
999,3.9041025638580322,0,19255,96.2750015258789,3973.712646484375
1000,12.332849502563477,2,19257,96.28499603271484,3986.04541015625
1001,2.719444990158081,0,19257,96.28499603271484,3988.764892578125
1002,1.773011565208435,0,19257,96.28499603271484,3990.537841796875
1003,3.4051547050476074,0,19257,96.28499603271484,3993.943115234375
1004,15.834063529968262,0,19257,96.28499603271484,4009.777099609375
1005,1.6512384414672852,0,19257,96.28499603271484,4011.42822265625
1006,0.0001174453500425443,0,19257,96.28499603271484,4011.42822265625
1007,2.0544357299804688,0,19257,96.28499603271484,4013.482666015625
1008,10.231053352355957,0,19257,96.28499603271484,4023.713623046875
1009,0.32906749844551086,0,19257,96.28499603271484,4024.042724609375
1010,5.0074206228600815e-05,0,19257,96.28499603271484,4024.042724609375
1011,4.833734512329102,0,19257,96.28499603271484,4028.87646484375
1012,19.633464813232422,6,19263,96.31500244140625,4048.510009765625
1013,3.9009103775024414,0,19263,96.31500244140625,4052.410888671875
1014,5.5882978439331055,0,19263,96.31500244140625,4057.999267578125
1015,3.850084066390991,0,19263,96.31500244140625,4061.849365234375
1016,19.182872772216797,15,19278,96.38999938964844,4081.0322265625
1017,4.994883060455322,0,19278,96.38999938964844,4086.027099609375
1018,19.226150512695312,0,19278,96.38999938964844,4105.25341796875
1019,3.471543788909912,0,19278,96.38999938964844,4108.72509765625
1020,0.2577325701713562,1,19279,96.3949966430664,4108.98291015625
1021,0.07236015796661377,0,19279,96.3949966430664,4109.05517578125
1022,18.85673713684082,8,19287,96.43499755859375,4127.912109375
1023,1.8581331968307495,0,19287,96.43499755859375,4129.77001953125
1024,0.008912880904972553,0,19287,96.43499755859375,4129.77880859375
1025,0.0300262700766325,0,19287,96.43499755859375,4129.80859375
1026,0.00591993285343051,0,19287,96.43499755859375,4129.814453125
1027,0.7514809370040894,0,19287,96.43499755859375,4130.56591796875
1028,0.0005706151132471859,0,19287,96.43499755859375,4130.56640625
1029,2.292705535888672,0,19287,96.43499755859375,4132.85888671875
1030,2.5807526111602783,12,19299,96.49500274658203,4135.439453125
1031,3.257166862487793,0,19299,96.49500274658203,4138.69677734375
1032,0.0007136662607081234,0,19299,96.49500274658203,4138.697265625
1033,1.4441384077072144,0,19299,96.49500274658203,4140.1416015625
1034,2.289708137512207,2,19301,96.50499725341797,4142.43115234375
1035,4.413516521453857,0,19301,96.50499725341797,4146.8447265625
1036,1.3963134288787842,3,19304,96.52000427246094,4148.2412109375
1037,3.944929599761963,0,19304,96.52000427246094,4152.18603515625
1038,0.9474279284477234,0,19304,96.52000427246094,4153.13330078125
1039,4.633657932281494,0,19304,96.52000427246094,4157.76708984375
1040,0.4215056002140045,0,19304,96.52000427246094,4158.1884765625
1041,3.7390921115875244,0,19304,96.52000427246094,4161.927734375
1042,1.0667065382003784,0,19304,96.52000427246094,4162.99462890625
1043,0.1747966855764389,0,19304,96.52000427246094,4163.16943359375
1044,0.0006373723153956234,0,19304,96.52000427246094,4163.169921875
1045,1.2690794467926025,0,19304,96.52000427246094,4164.43896484375
1046,0.00010013579594669864,0,19304,96.52000427246094,4164.43896484375
1047,1.280070424079895,0,19304,96.52000427246094,4165.71923828125
1048,0.00064849853515625,0,19304,96.52000427246094,4165.7197265625
1049,0.49514544010162354,0,19304,96.52000427246094,4166.21484375
1050,0.00033299127244390547,0,19304,96.52000427246094,4166.21533203125
1051,0.7636845707893372,0,19304,96.52000427246094,4166.97900390625
1052,0.0010553995380178094,0,19304,96.52000427246094,4166.97998046875
1053,3.046330213546753,0,19304,96.52000427246094,4170.0263671875
1054,0.00025272369384765625,0,19304,96.52000427246094,4170.02685546875
1055,2.910281181335449,0,19304,96.52000427246094,4172.93701171875
1056,1.617777705192566,1,19305,96.5250015258789,4174.5546875
1057,1.9739744663238525,0,19305,96.5250015258789,4176.52880859375
1058,0.0001152356417151168,0,19305,96.5250015258789,4176.52880859375
1059,4.610185146331787,0,19305,96.5250015258789,4181.13916015625
1060,9.034538269042969,0,19305,96.5250015258789,4190.173828125
1061,0.7028507590293884,0,19305,96.5250015258789,4190.87646484375
1062,0.00012318968947511166,0,19305,96.5250015258789,4190.87646484375
1063,4.6950531005859375,0,19305,96.5250015258789,4195.5712890625
1064,22.217012405395508,26,19331,96.65499877929688,4217.7880859375
1065,4.230090141296387,0,19331,96.65499877929688,4222.01806640625
1066,16.692562103271484,7,19338,96.69000244140625,4238.71044921875
1067,0.20054572820663452,0,19338,96.69000244140625,4238.9111328125
1068,0.00013677915558218956,0,19338,96.69000244140625,4238.9111328125
1069,3.9565014839172363,0,19338,96.69000244140625,4242.86767578125
1070,13.995941162109375,1,19339,96.69499969482422,4256.86376953125
1071,0.3685152530670166,0,19339,96.69499969482422,4257.232421875
1072,0.00023682911705691367,0,19339,96.69499969482422,4257.232421875
1073,0.28456199169158936,0,19339,96.69499969482422,4257.51708984375
1074,0.00034173327730968595,0,19339,96.69499969482422,4257.517578125
1075,0.39577946066856384,0,19339,96.69499969482422,4257.91357421875
1076,0.00020345051598269492,0,19339,96.69499969482422,4257.91357421875
1077,2.941518783569336,0,19339,96.69499969482422,4260.85498046875
1078,0.0011968612670898438,0,19339,96.69499969482422,4260.85595703125
1079,2.795377731323242,0,19339,96.69499969482422,4263.6513671875
1080,15.7239351272583,2,19341,96.70500183105469,4279.37548828125
1081,1.1265789270401,0,19341,96.70500183105469,4280.501953125
1082,0.0003393490915186703,0,19341,96.70500183105469,4280.50244140625
1083,3.1662676334381104,0,19341,96.70500183105469,4283.6689453125
1084,0.000846385897602886,0,19341,96.70500183105469,4283.669921875
1085,4.738379001617432,0,19341,96.70500183105469,4288.408203125
1086,10.799393653869629,0,19341,96.70500183105469,4299.20751953125
1087,0.6011366844177246,0,19341,96.70500183105469,4299.80859375
1088,9.107192454393953e-05,0,19341,96.70500183105469,4299.80859375
1089,3.26251482963562,0,19341,96.70500183105469,4303.0712890625
1090,16.802770614624023,27,19368,96.83999633789062,4319.8740234375
1091,1.288451075553894,0,19368,96.83999633789062,4321.16259765625
1092,0.00010610817116685212,0,19368,96.83999633789062,4321.16259765625
1093,4.342715263366699,0,19368,96.83999633789062,4325.50537109375
1094,8.04974365234375,0,19368,96.83999633789062,4333.55517578125
1095,2.835554838180542,0,19368,96.83999633789062,4336.390625
1096,25.566673278808594,0,19368,96.83999633789062,4361.95751953125
1097,0.9759042263031006,0,19368,96.83999633789062,4362.93359375
1098,3.497708894428797e-05,0,19368,96.83999633789062,4362.93359375
1099,0.7230806350708008,0,19368,96.83999633789062,4363.65673828125
1100,0.00012159346806583926,0,19368,96.83999633789062,4363.65673828125
1101,2.5476300716400146,0,19368,96.83999633789062,4366.20458984375
1102,11.301301002502441,0,19368,96.83999633789062,4377.505859375
1103,0.7200741767883301,0,19368,96.83999633789062,4378.22607421875
1104,2.46878043981269e-05,0,19368,96.83999633789062,4378.22607421875
1105,2.4335014820098877,0,19368,96.83999633789062,4380.65966796875
1106,0.002892017364501953,1,19369,96.84500122070312,4380.66259765625
1107,0.6881833076477051,0,19369,96.84500122070312,4381.3505859375
1108,8.57201099395752,2,19371,96.8550033569336,4389.92236328125
1109,0.744549036026001,0,19371,96.8550033569336,4390.6669921875
1110,0.0003337861271575093,0,19371,96.8550033569336,4390.66748046875
1111,0.6726908683776855,0,19371,96.8550033569336,4391.34033203125
1112,0.0008781750802882016,0,19371,96.8550033569336,4391.34130859375
1113,2.6697440147399902,0,19371,96.8550033569336,4394.01123046875
1114,12.748111724853516,0,19371,96.8550033569336,4406.75927734375
1115,0.021821316331624985,0,19371,96.8550033569336,4406.78125
1116,8.265559154096991e-05,0,19371,96.8550033569336,4406.78125
1117,0.7503486275672913,0,19371,96.8550033569336,4407.53173828125
1118,0.0002884864807128906,0,19371,96.8550033569336,4407.5322265625
1119,0.40022745728492737,0,19371,96.8550033569336,4407.9326171875
1120,0.00016609826707281172,0,19371,96.8550033569336,4407.9326171875
1121,3.1990609169006348,0,19371,96.8550033569336,4411.1318359375
1122,0.014466444030404091,0,19371,96.8550033569336,4411.146484375
1123,3.4998655319213867,0,19371,96.8550033569336,4414.646484375
1124,0.00025431314134038985,0,19371,96.8550033569336,4414.64697265625
1125,3.5079345703125,0,19371,96.8550033569336,4418.15478515625
1126,19.805055618286133,0,19371,96.8550033569336,4437.9599609375
1127,3.36824631690979,0,19371,96.8550033569336,4441.328125
1128,4.98470401763916,0,19371,96.8550033569336,4446.31298828125
1129,0.7345985770225525,0,19371,96.8550033569336,4447.04736328125
1130,0.00029246037593111396,0,19371,96.8550033569336,4447.0478515625
1131,3.4837586879730225,0,19371,96.8550033569336,4450.53173828125
1132,5.869514465332031,0,19371,96.8550033569336,4456.4013671875
1133,2.2509336471557617,0,19371,96.8550033569336,4458.65234375
1134,10.0410795211792,6,19377,96.88500213623047,4468.693359375
1135,2.335385799407959,0,19377,96.88500213623047,4471.02880859375
1136,6.410083293914795,0,19377,96.88500213623047,4477.43896484375
1137,1.605374813079834,0,19377,96.88500213623047,4479.04443359375
1138,0.00029404956148937345,0,19377,96.88500213623047,4479.044921875
1139,1.0127997398376465,0,19377,96.88500213623047,4480.0576171875
1140,2.9404956876533106e-05,0,19377,96.88500213623047,4480.0576171875
1141,4.501718997955322,0,19377,96.88500213623047,4484.5595703125
1142,8.053037643432617,0,19377,96.88500213623047,4492.61279296875
1143,0.761207103729248,0,19377,96.88500213623047,4493.3740234375
1144,1.188046932220459,1,19378,96.88999938964844,4494.56201171875
1145,0.0837874487042427,0,19378,96.88999938964844,4494.64599609375
1146,6.755199865438044e-05,0,19378,96.88999938964844,4494.64599609375
1147,4.050205707550049,0,19378,96.88999938964844,4498.6962890625
1148,16.985401153564453,1,19379,96.8949966430664,4515.681640625
1149,2.6771700382232666,0,19379,96.8949966430664,4518.35888671875
1150,13.893607139587402,5,19384,96.91999816894531,4532.25244140625
1151,3.2141730785369873,0,19384,96.91999816894531,4535.466796875
1152,0.005611578468233347,0,19384,96.91999816894531,4535.47216796875
1153,3.1976492404937744,0,19384,96.91999816894531,4538.669921875
1154,20.45073890686035,5,19389,96.94499969482422,4559.12060546875
1155,1.027765154838562,0,19389,96.94499969482422,4560.1484375
1156,0.0005485613946802914,0,19389,96.94499969482422,4560.14892578125
1157,3.9021711349487305,0,19389,96.94499969482422,4564.05126953125
1158,0.00230252742767334,0,19389,96.94499969482422,4564.0537109375
1159,2.761373281478882,0,19389,96.94499969482422,4566.81494140625
1160,0.0001060962604242377,0,19389,96.94499969482422,4566.81494140625
1161,3.3818459510803223,0,19389,96.94499969482422,4570.19677734375
1162,7.889856815338135,0,19389,96.94499969482422,4578.08642578125
1163,1.0783612728118896,0,19389,96.94499969482422,4579.16455078125
1164,0.0001541855453979224,0,19389,96.94499969482422,4579.16455078125
1165,3.4800798892974854,0,19389,96.94499969482422,4582.64453125
1166,3.844913959503174,1,19390,96.94999694824219,4586.4892578125
1167,1.5174410343170166,0,19390,96.94999694824219,4588.0068359375
1168,3.1391777156386524e-05,0,19390,96.94999694824219,4588.0068359375
1169,1.4395017623901367,0,19390,96.94999694824219,4589.4462890625
1170,0.0003504753112792969,0,19390,96.94999694824219,4589.44677734375
1171,3.7167868614196777,0,19390,96.94999694824219,4593.16357421875
1172,25.666244506835938,4,19394,96.97000122070312,4618.82958984375
1173,1.1566792726516724,0,19394,96.97000122070312,4619.986328125
1174,0.0002932559000328183,0,19394,96.97000122070312,4619.98681640625
1175,1.4729868173599243,0,19394,96.97000122070312,4621.4599609375
1176,0.10857173055410385,1,19395,96.9749984741211,4621.568359375
1177,1.5892362594604492,0,19395,96.9749984741211,4623.15771484375
1178,0.00043948489474132657,0,19395,96.9749984741211,4623.158203125
1179,3.863966226577759,0,19395,96.9749984741211,4627.02197265625
1180,19.41648292541504,0,19395,96.9749984741211,4646.4384765625
1181,3.478610038757324,0,19395,96.9749984741211,4649.9169921875
1182,16.8279972076416,3,19398,96.98999786376953,4666.7451171875
1183,0.40339210629463196,0,19398,96.98999786376953,4667.1484375
1184,0.00018000626005232334,0,19398,96.98999786376953,4667.1484375
1185,2.540231466293335,0,19398,96.98999786376953,4669.6884765625
1186,0.0006570418481715024,0,19398,96.98999786376953,4669.68896484375
1187,0.8538282513618469,0,19398,96.98999786376953,4670.54296875
1188,0.0002111991198034957,0,19398,96.98999786376953,4670.54296875
1189,0.7292949557304382,0,19398,96.98999786376953,4671.2724609375
1190,0.0005463758716359735,0,19398,96.98999786376953,4671.27294921875
1191,2.211824417114258,0,19398,96.98999786376953,4673.48486328125
1192,0.00012795129441656172,0,19398,96.98999786376953,4673.48486328125
1193,3.876877546310425,0,19398,96.98999786376953,4677.36181640625
1194,6.007910251617432,2,19400,97.0,4683.36962890625
1195,3.681835651397705,0,19400,97.0,4687.05126953125
1196,18.98230743408203,5,19405,97.0250015258789,4706.03369140625
1197,1.672979712486267,0,19405,97.0250015258789,4707.70654296875
1198,0.0002527249453123659,0,19405,97.0250015258789,4707.70703125
1199,4.890707492828369,0,19405,97.0250015258789,4712.59765625
1200,7.429986476898193,0,19405,97.0250015258789,4720.02783203125
1201,4.791491985321045,0,19405,97.0250015258789,4724.8193359375
1202,8.465641021728516,0,19405,97.0250015258789,4733.28515625
1203,3.176387310028076,0,19405,97.0250015258789,4736.46142578125
1204,0.0007401286857202649,0,19405,97.0250015258789,4736.46240234375
1205,3.7125120162963867,0,19405,97.0250015258789,4740.1748046875
1206,0.0008186449413187802,0,19405,97.0250015258789,4740.17578125
1207,0.7496834397315979,0,19405,97.0250015258789,4740.92529296875
1208,12.699546813964844,0,19405,97.0250015258789,4753.625
1209,1.0295379161834717,0,19405,97.0250015258789,4754.654296875
1210,0.00021140376338735223,0,19405,97.0250015258789,4754.654296875
1211,3.0443761348724365,0,19405,97.0250015258789,4757.69873046875
1212,0.0014869371661916375,0,19405,97.0250015258789,4757.7001953125
1213,4.846709728240967,0,19405,97.0250015258789,4762.546875
1214,1.0796430110931396,0,19405,97.0250015258789,4763.62646484375
1215,3.9976155757904053,0,19405,97.0250015258789,4767.6240234375
1216,21.717132568359375,1,19406,97.02999877929688,4789.34130859375
1217,0.9450280070304871,0,19406,97.02999877929688,4790.2861328125
1218,3.0121156669338234e-05,0,19406,97.02999877929688,4790.2861328125
1219,2.8077826499938965,0,19406,97.02999877929688,4793.09375
1220,4.149916172027588,0,19406,97.02999877929688,4797.24365234375
1221,4.4261932373046875,0,19406,97.02999877929688,4801.669921875
1222,1.9257197380065918,0,19406,97.02999877929688,4803.595703125
1223,1.072540044784546,0,19406,97.02999877929688,4804.66845703125
1224,20.800800323486328,4,19410,97.05000305175781,4825.46923828125
1225,0.3390357792377472,0,19410,97.05000305175781,4825.80810546875
1226,6.161197234177962e-05,0,19410,97.05000305175781,4825.80810546875
1227,0.5826712846755981,0,19410,97.05000305175781,4826.390625
1228,6.238619243958965e-05,0,19410,97.05000305175781,4826.390625
1229,0.09771344065666199,0,19410,97.05000305175781,4826.48828125
1230,4.132588583161123e-05,0,19410,97.05000305175781,4826.48828125
1231,4.836338520050049,0,19410,97.05000305175781,4831.32470703125
1232,22.33745574951172,0,19410,97.05000305175781,4853.662109375
1233,4.677640914916992,0,19410,97.05000305175781,4858.33984375
1234,9.634654998779297,0,19410,97.05000305175781,4867.974609375
1235,0.48812136054039,0,19410,97.05000305175781,4868.462890625
1236,12.982219696044922,1,19411,97.05500030517578,4881.4453125
1237,1.7190971374511719,0,19411,97.05500030517578,4883.16455078125
1238,0.0005161762237548828,0,19411,97.05500030517578,4883.1650390625
1239,3.4799084663391113,0,19411,97.05500030517578,4886.64501953125
1240,22.352005004882812,0,19411,97.05500030517578,4908.9970703125
1241,0.7155416011810303,0,19411,97.05500030517578,4909.71240234375
1242,0.00014424377877730876,0,19411,97.05500030517578,4909.71240234375
1243,4.2807793617248535,0,19411,97.05500030517578,4913.9931640625
1244,0.42475295066833496,1,19412,97.05999755859375,4914.41796875
1245,3.1300675868988037,0,19412,97.05999755859375,4917.5478515625
1246,12.041544914245605,0,19412,97.05999755859375,4929.58935546875
1247,2.8590054512023926,0,19412,97.05999755859375,4932.4482421875
1248,12.691742897033691,0,19412,97.05999755859375,4945.14013671875
1249,2.427229881286621,0,19412,97.05999755859375,4947.5673828125
1250,0.0011436146451160312,0,19412,97.05999755859375,4947.568359375
1251,3.3021891117095947,0,19412,97.05999755859375,4950.87060546875
1252,19.468040466308594,1,19413,97.06500244140625,4970.3388671875
1253,4.524062156677246,0,19413,97.06500244140625,4974.86279296875
1254,12.499361991882324,0,19413,97.06500244140625,4987.3623046875
1255,1.69655179977417,0,19413,97.06500244140625,4989.05908203125
1256,0.00015099842858035117,0,19413,97.06500244140625,4989.05908203125
1257,2.9846343994140625,0,19413,97.06500244140625,4992.0439453125
1258,0.002737839939072728,0,19413,97.06500244140625,4992.046875
1259,2.0614633560180664,0,19413,97.06500244140625,4994.1083984375
1260,5.2054721891181543e-05,0,19413,97.06500244140625,4994.1083984375
1261,0.7804989814758301,0,19413,97.06500244140625,4994.888671875
1262,0.00011642773461062461,0,19413,97.06500244140625,4994.888671875
1263,2.7142786979675293,0,19413,97.06500244140625,4997.60302734375
1264,0.001632769824936986,0,19413,97.06500244140625,4997.6044921875
1265,4.983392238616943,0,19413,97.06500244140625,5002.587890625
1266,6.664389133453369,0,19413,97.06500244140625,5009.25244140625
1267,1.9733284711837769,0,19413,97.06500244140625,5011.2255859375
1268,0.0005793571472167969,0,19413,97.06500244140625,5011.22607421875
1269,1.6424024105072021,0,19413,97.06500244140625,5012.86865234375
1270,1.448852300643921,0,19413,97.06500244140625,5014.3173828125
1271,1.228496789932251,0,19413,97.06500244140625,5015.5458984375
1272,0.0011221567401662469,0,19413,97.06500244140625,5015.546875
1273,3.8240718841552734,0,19413,97.06500244140625,5019.37109375
1274,1.3717224597930908,0,19413,97.06500244140625,5020.74267578125
1275,4.831757068634033,0,19413,97.06500244140625,5025.57421875
1276,1.47416353225708,0,19413,97.06500244140625,5027.04833984375
1277,1.971916913986206,0,19413,97.06500244140625,5029.02001953125
1278,19.058103561401367,0,19413,97.06500244140625,5048.078125
1279,1.7889258861541748,0,19413,97.06500244140625,5049.8671875
1280,0.0003472972894087434,0,19413,97.06500244140625,5049.86767578125
1281,1.3699791431427002,0,19413,97.06500244140625,5051.23779296875
1282,1.827875712478999e-05,0,19413,97.06500244140625,5051.23779296875
1283,4.1582841873168945,0,19413,97.06500244140625,5055.39599609375
1284,10.797088623046875,0,19413,97.06500244140625,5066.19287109375
1285,0.9849656224250793,0,19413,97.06500244140625,5067.177734375
1286,9.990100860595703,0,19413,97.06500244140625,5077.16796875
1287,2.1327710151672363,0,19413,97.06500244140625,5079.30078125
1288,0.0012246777769178152,0,19413,97.06500244140625,5079.30224609375
1289,2.6932663917541504,0,19413,97.06500244140625,5081.99560546875
1290,0.00013669331383425742,0,19413,97.06500244140625,5081.99560546875
1291,0.30366185307502747,0,19413,97.06500244140625,5082.29931640625
1292,6.67572021484375e-05,0,19413,97.06500244140625,5082.29931640625
1293,3.075408697128296,0,19413,97.06500244140625,5085.37451171875
1294,21.98698616027832,0,19413,97.06500244140625,5107.361328125
1295,2.5959739685058594,0,19413,97.06500244140625,5109.95751953125
1296,0.0006097566802054644,0,19413,97.06500244140625,5109.9580078125
1297,3.437422275543213,0,19413,97.06500244140625,5113.3955078125
1298,0.0006357828387990594,0,19413,97.06500244140625,5113.39599609375
1299,0.8454002141952515,0,19413,97.06500244140625,5114.2412109375
1300,0.00020742414926644415,0,19413,97.06500244140625,5114.2412109375
1301,3.5527451038360596,0,19413,97.06500244140625,5117.7939453125
1302,5.024370193481445,0,19413,97.06500244140625,5122.818359375
1303,1.0303221940994263,0,19413,97.06500244140625,5123.8486328125
1304,0.00020106670854147524,0,19413,97.06500244140625,5123.8486328125
1305,3.9127776622772217,0,19413,97.06500244140625,5127.76123046875
1306,19.63143539428711,0,19413,97.06500244140625,5147.392578125
1307,3.4929418563842773,0,19413,97.06500244140625,5150.8857421875
1308,13.842504501342773,0,19413,97.06500244140625,5164.72802734375
1309,4.887836456298828,0,19413,97.06500244140625,5169.61572265625
1310,18.421794891357422,0,19413,97.06500244140625,5188.03759765625
1311,0.491033673286438,0,19413,97.06500244140625,5188.52880859375
1312,0.980597972869873,0,19413,97.06500244140625,5189.50927734375
1313,2.2789547443389893,0,19413,97.06500244140625,5191.7880859375
1314,0.0013677278766408563,0,19413,97.06500244140625,5191.78955078125
1315,3.4931163787841797,0,19413,97.06500244140625,5195.28271484375
1316,20.499034881591797,0,19413,97.06500244140625,5215.78173828125
1317,0.03009912557899952,0,19413,97.06500244140625,5215.81201171875
1318,0.0001430599659215659,0,19413,97.06500244140625,5215.81201171875
1319,3.057034730911255,0,19413,97.06500244140625,5218.869140625
1320,6.2260541915893555,3,19416,97.08000183105469,5225.09521484375
1321,4.600425720214844,0,19416,97.08000183105469,5229.69580078125
1322,5.048589706420898,0,19416,97.08000183105469,5234.74462890625
1323,1.3911736011505127,0,19416,97.08000183105469,5236.1357421875
1324,0.0001060962604242377,0,19416,97.08000183105469,5236.1357421875
1325,4.32219123840332,0,19416,97.08000183105469,5240.4580078125
1326,14.369483947753906,0,19416,97.08000183105469,5254.82763671875
1327,0.8593997955322266,0,19416,97.08000183105469,5255.68701171875
1328,0.0016961494693532586,0,19416,97.08000183105469,5255.6884765625
1329,3.0494630336761475,0,19416,97.08000183105469,5258.73779296875
1330,0.00019947686814703047,0,19416,97.08000183105469,5258.73779296875
1331,1.246739387512207,0,19416,97.08000183105469,5259.984375
1332,0.001315474510192871,0,19416,97.08000183105469,5259.98583984375
1333,4.894184589385986,0,19416,97.08000183105469,5264.8798828125
1334,8.46933364868164,0,19416,97.08000183105469,5273.34912109375
1335,0.24464485049247742,0,19416,97.08000183105469,5273.59375
1336,0.00011603037273744121,0,19416,97.08000183105469,5273.59375
1337,4.398544788360596,0,19416,97.08000183105469,5277.9921875
1338,2.339115619659424,0,19416,97.08000183105469,5280.33154296875
1339,4.131980895996094,0,19416,97.08000183105469,5284.46337890625
1340,1.7942759990692139,1,19417,97.08499908447266,5286.2578125
1341,1.4542603492736816,0,19417,97.08499908447266,5287.7119140625
1342,0.0006262460956349969,0,19417,97.08499908447266,5287.71240234375
1343,1.1401782035827637,0,19417,97.08499908447266,5288.8525390625
1344,13.806925773620605,0,19417,97.08499908447266,5302.65966796875
1345,1.8584010601043701,0,19417,97.08499908447266,5304.51806640625
1346,4.9010501243174076e-05,0,19417,97.08499908447266,5304.51806640625
1347,4.789997100830078,0,19417,97.08499908447266,5309.30810546875
1348,17.25470733642578,8,19425,97.125,5326.56298828125
1349,3.205376625061035,0,19425,97.125,5329.7685546875
1350,7.207707405090332,1,19426,97.12999725341797,5336.97607421875
1351,3.725224494934082,0,19426,97.12999725341797,5340.701171875
1352,1.2079217433929443,1,19427,97.13500213623047,5341.9091796875
1353,2.8611738681793213,0,19427,97.13500213623047,5344.7705078125
1354,12.716779708862305,2,19429,97.1449966430664,5357.4873046875
1355,4.825371265411377,0,19429,97.1449966430664,5362.3125
1356,11.688618659973145,0,19429,97.1449966430664,5374.0009765625
1357,1.7259454727172852,0,19429,97.1449966430664,5375.72705078125
1358,2.4180006980895996,5,19434,97.16999816894531,5378.14501953125
1359,4.176518440246582,0,19434,97.16999816894531,5382.32177734375
1360,0.46404969692230225,0,19434,97.16999816894531,5382.78564453125
1361,0.5890654921531677,0,19434,97.16999816894531,5383.37451171875
1362,0.001252889633178711,0,19434,97.16999816894531,5383.3759765625
1363,0.8475828170776367,0,19434,97.16999816894531,5384.2236328125
1364,0.00032901763916015625,0,19434,97.16999816894531,5384.22412109375
1365,4.474788665771484,0,19434,97.16999816894531,5388.69873046875
1366,0.42092108726501465,0,19434,97.16999816894531,5389.11962890625
1367,4.036258220672607,0,19434,97.16999816894531,5393.15576171875
1368,9.091329574584961,1,19435,97.17500305175781,5402.2470703125
1369,3.016000509262085,0,19435,97.17500305175781,5405.26318359375
1370,16.612003326416016,0,19435,97.17500305175781,5421.875
1371,4.132535457611084,0,19435,97.17500305175781,5426.00732421875
1372,16.36486053466797,0,19435,97.17500305175781,5442.3720703125
1373,2.885380744934082,0,19435,97.17500305175781,5445.25732421875
1374,0.2570468783378601,0,19435,97.17500305175781,5445.51416015625
1375,2.5420773029327393,0,19435,97.17500305175781,5448.05615234375
1376,0.0010999043006449938,0,19435,97.17500305175781,5448.05712890625
1377,2.9263434410095215,0,19435,97.17500305175781,5450.9833984375
1378,0.00020980833505745977,0,19435,97.17500305175781,5450.9833984375
1379,4.7329864501953125,0,19435,97.17500305175781,5455.71630859375
1380,0.20956319570541382,0,19435,97.17500305175781,5455.92578125
1381,1.3261244297027588,0,19435,97.17500305175781,5457.251953125
1382,0.00011940796684939414,0,19435,97.17500305175781,5457.251953125
1383,2.4482927322387695,0,19435,97.17500305175781,5459.7001953125
1384,0.0008467832813039422,0,19435,97.17500305175781,5459.701171875
1385,1.3763400316238403,0,19435,97.17500305175781,5461.07763671875
1386,0.00011444091069279239,0,19435,97.17500305175781,5461.07763671875
1387,0.8385229706764221,0,19435,97.17500305175781,5461.916015625
1388,0.000385840714443475,0,19435,97.17500305175781,5461.91650390625
1389,0.36893606185913086,0,19435,97.17500305175781,5462.28564453125
1390,0.0002412001194898039,0,19435,97.17500305175781,5462.28564453125
1391,1.4392778873443604,0,19435,97.17500305175781,5463.72509765625
1392,9.57647935138084e-05,0,19435,97.17500305175781,5463.72509765625
1393,0.3717087507247925,0,19435,97.17500305175781,5464.0966796875
1394,1.529852488602046e-05,0,19435,97.17500305175781,5464.0966796875
1395,3.736018419265747,0,19435,97.17500305175781,5467.83251953125
1396,12.939083099365234,0,19435,97.17500305175781,5480.771484375
1397,0.8305012583732605,0,19435,97.17500305175781,5481.60205078125
1398,0.00010331471276003867,0,19435,97.17500305175781,5481.60205078125
1399,1.4609322547912598,0,19435,97.17500305175781,5483.06298828125
1400,0.00023682911705691367,0,19435,97.17500305175781,5483.06298828125
1401,4.336683750152588,0,19435,97.17500305175781,5487.39990234375
1402,19.389142990112305,2,19437,97.18499755859375,5506.7890625
1403,0.7203007340431213,0,19437,97.18499755859375,5507.50927734375
1404,8.624269685242325e-05,0,19437,97.18499755859375,5507.50927734375
1405,4.620936870574951,0,19437,97.18499755859375,5512.13037109375
1406,25.668352127075195,0,19437,97.18499755859375,5537.798828125
1407,1.607215166091919,0,19437,97.18499755859375,5539.40625
1408,0.0005185658810660243,0,19437,97.18499755859375,5539.40673828125
1409,2.0210444927215576,0,19437,97.18499755859375,5541.427734375
1410,9.338060772279277e-05,0,19437,97.18499755859375,5541.427734375
1411,0.41736969351768494,0,19437,97.18499755859375,5541.84521484375
1412,3.973642833443591e-06,0,19437,97.18499755859375,5541.84521484375
1413,2.1265482902526855,0,19437,97.18499755859375,5543.9716796875
1414,0.0014678636798635125,0,19437,97.18499755859375,5543.97314453125
1415,3.613537311553955,0,19437,97.18499755859375,5547.5869140625
1416,0.0004406769876368344,0,19437,97.18499755859375,5547.58740234375
1417,4.8771138191223145,0,19437,97.18499755859375,5552.46435546875
1418,18.597211837768555,1,19438,97.19000244140625,5571.0615234375
1419,4.087515830993652,0,19438,97.19000244140625,5575.14892578125
1420,12.804961204528809,0,19438,97.19000244140625,5587.9541015625
1421,0.35509583353996277,0,19438,97.19000244140625,5588.30908203125
1422,0.0001796104188542813,0,19438,97.19000244140625,5588.30908203125
1423,1.9314347505569458,0,19438,97.19000244140625,5590.24072265625
1424,0.00029126802110113204,0,19438,97.19000244140625,5590.2412109375
1425,4.307442665100098,0,19438,97.19000244140625,5594.548828125
1426,14.941905975341797,0,19438,97.19000244140625,5609.49072265625
1427,1.206310749053955,0,19438,97.19000244140625,5610.697265625
1428,0.00019570314907468855,0,19438,97.19000244140625,5610.697265625
1429,1.4304016828536987,0,19438,97.19000244140625,5612.12744140625
1430,0.00233074021525681,0,19438,97.19000244140625,5612.1298828125
1431,3.873080015182495,0,19438,97.19000244140625,5616.0029296875
1432,16.413957595825195,0,19438,97.19000244140625,5632.4169921875
1433,3.6590192317962646,0,19438,97.19000244140625,5636.076171875
1434,19.141355514526367,0,19438,97.19000244140625,5655.21728515625
1435,1.0340595245361328,0,19438,97.19000244140625,5656.25146484375
1436,0.00032744358759373426,0,19438,97.19000244140625,5656.251953125
1437,2.6358113288879395,0,19438,97.19000244140625,5658.8876953125
1438,0.00040690103196538985,0,19438,97.19000244140625,5658.88818359375
1439,2.743973731994629,0,19438,97.19000244140625,5661.63232421875
1440,0.00037193295429460704,0,19438,97.19000244140625,5661.6328125
1441,2.5960638523101807,0,19438,97.19000244140625,5664.22900390625
1442,1.9168628454208374,0,19438,97.19000244140625,5666.14599609375
1443,1.1196694374084473,0,19438,97.19000244140625,5667.265625
1444,6.635983299929649e-05,0,19438,97.19000244140625,5667.265625
1445,4.187526702880859,0,19438,97.19000244140625,5671.453125
1446,9.893603324890137,1,19439,97.19499969482422,5681.3466796875
1447,1.611019253730774,0,19439,97.19499969482422,5682.95751953125
1448,2.5767472834559157e-05,0,19439,97.19499969482422,5682.95751953125
1449,3.7187535762786865,0,19439,97.19499969482422,5686.67626953125
1450,9.15318489074707,0,19439,97.19499969482422,5695.82958984375
1451,4.335390090942383,0,19439,97.19499969482422,5700.1650390625
1452,24.324588775634766,3,19442,97.20999908447266,5724.48974609375
1453,4.1527228355407715,0,19442,97.20999908447266,5728.642578125
1454,23.617778778076172,0,19442,97.20999908447266,5752.26025390625
1455,3.618361711502075,0,19442,97.20999908447266,5755.87841796875
1456,16.65152931213379,4,19446,97.22999572753906,5772.52978515625
1457,2.6525282859802246,0,19446,97.22999572753906,5775.18212890625
1458,0.0020937093067914248,0,19446,97.22999572753906,5775.18408203125
1459,1.7379021644592285,0,19446,97.22999572753906,5776.921875
1460,19.397815704345703,0,19446,97.22999572753906,5796.31982421875
1461,3.3041274547576904,0,19446,97.22999572753906,5799.6240234375
1462,7.2751145362854,1,19447,97.23500061035156,5806.89892578125
1463,4.089121341705322,0,19447,97.23500061035156,5810.98828125
1464,1.9807020425796509,0,19447,97.23500061035156,5812.96875
1465,1.42683744430542,0,19447,97.23500061035156,5814.3955078125
1466,7.634915828704834,0,19447,97.23500061035156,5822.0302734375
1467,4.00867223739624,0,19447,97.23500061035156,5826.0390625
1468,10.186446189880371,0,19447,97.23500061035156,5836.2255859375
1469,0.29536962509155273,0,19447,97.23500061035156,5836.52099609375
1470,0.0002654396230354905,0,19447,97.23500061035156,5836.521484375
1471,3.06243896484375,0,19447,97.23500061035156,5839.583984375
1472,22.208011627197266,0,19447,97.23500061035156,5861.7919921875
1473,1.1522901058197021,0,19447,97.23500061035156,5862.9443359375
1474,0.0010679165134206414,0,19447,97.23500061035156,5862.9453125
1475,3.11664080619812,0,19447,97.23500061035156,5866.06201171875
1476,9.031865119934082,0,19447,97.23500061035156,5875.09375
1477,3.9317879676818848,0,19447,97.23500061035156,5879.025390625
1478,10.803593635559082,0,19447,97.23500061035156,5889.8291015625
1479,3.5162670612335205,0,19447,97.23500061035156,5893.34521484375
1480,8.451910972595215,0,19447,97.23500061035156,5901.79736328125
1481,0.4577554762363434,0,19447,97.23500061035156,5902.2548828125
1482,0.00011841605737572536,0,19447,97.23500061035156,5902.2548828125
1483,3.8948521614074707,0,19447,97.23500061035156,5906.14990234375
1484,0.5139126181602478,3,19450,97.25,5906.66357421875
1485,4.953919410705566,0,19450,97.25,5911.61767578125
1486,0.49097174406051636,0,19450,97.25,5912.10888671875
1487,0.6901537775993347,0,19450,97.25,5912.798828125
1488,0.00021457670663949102,0,19450,97.25,5912.798828125
1489,2.202958822250366,0,19450,97.25,5915.001953125
1490,20.052608489990234,0,19450,97.25,5935.0546875
1491,0.6526158452033997,0,19450,97.25,5935.70751953125
1492,0.00034014382981695235,0,19450,97.25,5935.7080078125
1493,1.1286758184432983,0,19450,97.25,5936.8369140625
1494,2.8610227673198096e-05,0,19450,97.25,5936.8369140625
1495,1.0309706926345825,0,19450,97.25,5937.86767578125
1496,0.00020980833505745977,0,19450,97.25,5937.86767578125
1497,0.9019742608070374,0,19450,97.25,5938.76953125
1498,0.0007041295175440609,0,19450,97.25,5938.77001953125
1499,4.121119976043701,0,19450,97.25,5942.89111328125
1500,0.003017584327608347,0,19450,97.25,5942.89404296875
1501,2.7783451080322266,0,19450,97.25,5945.67236328125
1502,19.03939437866211,0,19450,97.25,5964.7119140625
1503,0.2870390713214874,0,19450,97.25,5964.9990234375
1504,8.344650268554688e-05,0,19450,97.25,5964.9990234375
1505,4.524855136871338,0,19450,97.25,5969.52392578125
1506,25.702512741088867,0,19450,97.25,5995.2265625
1507,4.5157012939453125,0,19450,97.25,5999.7421875
1508,12.181428909301758,1,19451,97.25499725341797,6011.923828125
1509,1.2049591541290283,0,19451,97.25499725341797,6013.12890625
1510,8.199219882953912e-05,0,19451,97.25499725341797,6013.12890625
1511,0.6737613081932068,0,19451,97.25499725341797,6013.802734375
1512,6.147800013422966e-05,0,19451,97.25499725341797,6013.802734375
1513,1.0237599611282349,0,19451,97.25499725341797,6014.82666015625
1514,0.00016558535571675748,0,19451,97.25499725341797,6014.82666015625
1515,0.10050661116838455,0,19451,97.25499725341797,6014.92724609375
1516,0.000192790204891935,0,19451,97.25499725341797,6014.92724609375
1517,3.064995050430298,0,19451,97.25499725341797,6017.9921875
1518,14.75999641418457,0,19451,97.25499725341797,6032.751953125
1519,0.9774265885353088,0,19451,97.25499725341797,6033.7294921875
1520,0.0005046551814302802,0,19451,97.25499725341797,6033.72998046875
1521,1.0600194931030273,0,19451,97.25499725341797,6034.7900390625
1522,5.21051025390625,8,19459,97.29499816894531,6040.00048828125
1523,0.9743844866752625,0,19459,97.29499816894531,6040.97509765625
1524,0.00027497607516124845,0,19459,97.29499816894531,6040.9755859375
1525,0.6289029121398926,0,19459,97.29499816894531,6041.6044921875
1526,0.0006326039438135922,0,19459,97.29499816894531,6041.60498046875
1527,1.4995596408843994,0,19459,97.29499816894531,6043.1044921875
1528,13.366768836975098,2,19461,97.30500030517578,6056.47119140625
1529,3.2392451763153076,0,19461,97.30500030517578,6059.71044921875
1530,16.156862258911133,1,19462,97.30999755859375,6075.8671875
1531,0.6740140318870544,0,19462,97.30999755859375,6076.541015625
1532,0.0014591217041015625,0,19462,97.30999755859375,6076.54248046875
1533,0.4964018166065216,0,19462,97.30999755859375,6077.0390625
1534,2.8646867275238037,0,19462,97.30999755859375,6079.90380859375
1535,4.137381076812744,0,19462,97.30999755859375,6084.041015625
1536,17.919788360595703,0,19462,97.30999755859375,6101.9609375
1537,2.8134891986846924,0,19462,97.30999755859375,6104.7744140625
1538,15.292821884155273,0,19462,97.30999755859375,6120.0673828125
1539,0.056694742292165756,0,19462,97.30999755859375,6120.1240234375
1540,7.550339796580374e-05,0,19462,97.30999755859375,6120.1240234375
1541,3.3734819889068604,0,19462,97.30999755859375,6123.49755859375
1542,17.198823928833008,0,19462,97.30999755859375,6140.6962890625
1543,2.8931937217712402,0,19462,97.30999755859375,6143.58935546875
1544,0.0005787632544524968,0,19462,97.30999755859375,6143.58984375
1545,4.250941753387451,0,19462,97.30999755859375,6147.8408203125
1546,0.34868648648262024,0,19462,97.30999755859375,6148.189453125
1547,4.436772346496582,0,19462,97.30999755859375,6152.62646484375
1548,12.911674499511719,0,19462,97.30999755859375,6165.5380859375
1549,3.241957187652588,0,19462,97.30999755859375,6168.7802734375
1550,11.790767669677734,0,19462,97.30999755859375,6180.57080078125
1551,3.716219425201416,0,19462,97.30999755859375,6184.287109375
1552,12.342459678649902,1,19463,97.31500244140625,6196.62939453125
1553,4.137245178222656,0,19463,97.31500244140625,6200.7666015625
1554,15.779162406921387,0,19463,97.31500244140625,6216.5458984375
1555,1.0152411460876465,0,19463,97.31500244140625,6217.56103515625
1556,5.826265811920166,0,19463,97.31500244140625,6223.38720703125
1557,1.3927271366119385,0,19463,97.31500244140625,6224.77978515625
1558,0.0003568331303540617,0,19463,97.31500244140625,6224.7802734375
1559,4.867204189300537,0,19463,97.31500244140625,6229.6474609375
1560,8.030993461608887,0,19463,97.31500244140625,6237.67822265625
1561,2.484992504119873,0,19463,97.31500244140625,6240.1630859375
1562,7.775379657745361,0,19463,97.31500244140625,6247.9384765625
1563,4.664451599121094,0,19463,97.31500244140625,6252.60302734375
1564,27.158077239990234,1,19464,97.31999969482422,6279.76123046875
1565,2.55350923538208,0,19464,97.31999969482422,6282.31494140625
1566,0.0002527239848859608,0,19464,97.31999969482422,6282.3154296875
1567,2.8611433506011963,0,19464,97.31999969482422,6285.1767578125
1568,0.0007438659085892141,0,19464,97.31999969482422,6285.177734375
1569,1.814361572265625,0,19464,97.31999969482422,6286.9921875
1570,3.154916763305664,0,19464,97.31999969482422,6290.14697265625
1571,0.675297737121582,0,19464,97.31999969482422,6290.822265625
1572,0.0001012285501929,0,19464,97.31999969482422,6290.822265625
1573,0.8818624019622803,0,19464,97.31999969482422,6291.7041015625
1574,0.0003789861802943051,0,19464,97.31999969482422,6291.70458984375
1575,0.3131914734840393,0,19464,97.31999969482422,6292.017578125
1576,0.0005757808685302734,0,19464,97.31999969482422,6292.01806640625
1577,3.858579158782959,0,19464,97.31999969482422,6295.87646484375
1578,0.0017245112685486674,0,19464,97.31999969482422,6295.87841796875
1579,0.8615850806236267,0,19464,97.31999969482422,6296.740234375
1580,0.00037128725671209395,0,19464,97.31999969482422,6296.74072265625
1581,1.6524754762649536,0,19464,97.31999969482422,6298.39306640625
1582,2.1765244007110596,0,19464,97.31999969482422,6300.56982421875
1583,2.841968059539795,0,19464,97.31999969482422,6303.41162109375
1584,0.0036700565833598375,0,19464,97.31999969482422,6303.41552734375
1585,2.339637279510498,0,19464,97.31999969482422,6305.75537109375
1586,3.423841953277588,3,19467,97.33499908447266,6309.17919921875
1587,2.199136972427368,0,19467,97.33499908447266,6311.37841796875
1588,7.94728578057402e-07,0,19467,97.33499908447266,6311.37841796875
1589,0.820386528968811,0,19467,97.33499908447266,6312.19873046875
1590,0.0001903871598187834,0,19467,97.33499908447266,6312.19873046875
1591,1.6806575059890747,0,19467,97.33499908447266,6313.87939453125
1592,0.00019942720246035606,0,19467,97.33499908447266,6313.87939453125
1593,2.2680017948150635,0,19467,97.33499908447266,6316.1474609375
1594,0.0004098812642041594,0,19467,97.33499908447266,6316.14794921875
1595,3.386242151260376,0,19467,97.33499908447266,6319.5341796875
1596,16.366744995117188,0,19467,97.33499908447266,6335.90087890625
1597,3.844414710998535,0,19467,97.33499908447266,6339.7451171875
1598,10.23725414276123,0,19467,97.33499908447266,6349.982421875
1599,1.2979005575180054,0,19467,97.33499908447266,6351.2802734375
1600,0.008858839049935341,0,19467,97.33499908447266,6351.2890625
1601,3.5072109699249268,0,19467,97.33499908447266,6354.79638671875
1602,11.129591941833496,2,19469,97.34500122070312,6365.92578125
1603,0.8599553108215332,0,19469,97.34500122070312,6366.78564453125
1604,0.0008441050304099917,0,19469,97.34500122070312,6366.78662109375
1605,2.5992212295532227,0,19469,97.34500122070312,6369.3857421875
1606,0.0001566950959386304,0,19469,97.34500122070312,6369.3857421875
1607,3.07700252532959,0,19469,97.34500122070312,6372.462890625
1608,10.389351844787598,1,19470,97.3499984741211,6382.85205078125
1609,1.5942033529281616,0,19470,97.3499984741211,6384.4462890625
1610,0.0001915299944812432,0,19470,97.3499984741211,6384.4462890625
1611,4.1841912269592285,0,19470,97.3499984741211,6388.63037109375
1612,19.000150680541992,1,19471,97.3550033569336,6407.63037109375
1613,0.43216124176979065,0,19471,97.3550033569336,6408.0625
1614,9.696991764940321e-05,0,19471,97.3550033569336,6408.0625
1615,4.998138904571533,0,19471,97.3550033569336,6413.060546875
1616,26.703489303588867,0,19471,97.3550033569336,6439.76416015625
1617,4.622636795043945,0,19471,97.3550033569336,6444.38671875
1618,9.968716621398926,0,19471,97.3550033569336,6454.35546875
1619,2.0520195960998535,0,19471,97.3550033569336,6456.40771484375
1620,7.94728578057402e-07,0,19471,97.3550033569336,6456.40771484375
1621,0.4931844174861908,0,19471,97.3550033569336,6456.90087890625
1622,0.00010592945181997493,0,19471,97.3550033569336,6456.90087890625
1623,2.68359637260437,0,19471,97.3550033569336,6459.58447265625
1624,10.010802268981934,0,19471,97.3550033569336,6469.59521484375
1625,2.633654832839966,0,19471,97.3550033569336,6472.22900390625
1626,0.019398529082536697,0,19471,97.3550033569336,6472.24853515625
1627,1.394273042678833,0,19471,97.3550033569336,6473.642578125
1628,0.0002682209014892578,0,19471,97.3550033569336,6473.64306640625
1629,4.6704511642456055,0,19471,97.3550033569336,6478.3134765625
1630,25.054763793945312,0,19471,97.3550033569336,6503.3681640625
1631,1.6167315244674683,0,19471,97.3550033569336,6504.98486328125
1632,0.003959338646382093,0,19471,97.3550033569336,6504.98876953125
1633,4.8968706130981445,0,19471,97.3550033569336,6509.8857421875
1634,13.798250198364258,1,19472,97.36000061035156,6523.68408203125
1635,1.5664924383163452,0,19472,97.36000061035156,6525.25048828125
1636,0.0003663723182398826,0,19472,97.36000061035156,6525.2509765625
1637,4.011111736297607,0,19472,97.36000061035156,6529.26220703125
1638,3.637694835662842,0,19472,97.36000061035156,6532.89990234375
1639,0.9746907353401184,0,19472,97.36000061035156,6533.87451171875
1640,0.00029653310775756836,0,19472,97.36000061035156,6533.875
1641,2.088402271270752,0,19472,97.36000061035156,6535.96337890625
1642,0.0002209345402661711,0,19472,97.36000061035156,6535.96337890625
1643,3.451329469680786,0,19472,97.36000061035156,6539.41455078125
1644,2.5198357105255127,0,19472,97.36000061035156,6541.9345703125
1645,3.333824396133423,0,19472,97.36000061035156,6545.2685546875
1646,20.89557647705078,0,19472,97.36000061035156,6566.1640625
1647,0.9197604656219482,0,19472,97.36000061035156,6567.083984375
1648,0.004096825607120991,0,19472,97.36000061035156,6567.087890625
1649,4.889610767364502,0,19472,97.36000061035156,6571.9775390625
1650,9.857376098632812,3,19475,97.375,6581.8349609375
1651,2.842111349105835,0,19475,97.375,6584.67724609375
1652,0.11898387968540192,0,19475,97.375,6584.79638671875
1653,2.128941774368286,0,19475,97.375,6586.92529296875
1654,0.011089046485722065,0,19475,97.375,6586.9365234375
1655,1.3605592250823975,0,19475,97.375,6588.296875
1656,18.120508193969727,0,19475,97.375,6606.41748046875
1657,0.6240128874778748,0,19475,97.375,6607.04150390625
1658,0.0001539786608191207,0,19475,97.375,6607.04150390625
1659,3.0030677318573,0,19475,97.375,6610.04443359375
1660,7.7690558433532715,0,19475,97.375,6617.8134765625
1661,1.9852771759033203,0,19475,97.375,6619.798828125
1662,0.00018199457554146647,0,19475,97.375,6619.798828125
1663,1.7023205757141113,0,19475,97.375,6621.5009765625
1664,0.12455622106790543,0,19475,97.375,6621.62548828125
1665,3.6751160621643066,0,19475,97.375,6625.30078125
1666,6.189027786254883,0,19475,97.375,6631.48974609375
1667,0.749591588973999,0,19475,97.375,6632.2392578125
1668,0.00040785333840176463,0,19475,97.375,6632.23974609375
1669,3.379079580307007,0,19475,97.375,6635.61865234375
1670,14.175704956054688,2,19477,97.38500213623047,6649.79443359375
1671,0.2517903745174408,0,19477,97.38500213623047,6650.04638671875
1672,0.0009234746103174984,0,19477,97.38500213623047,6650.04736328125
1673,2.9317591190338135,0,19477,97.38500213623047,6652.97900390625
1674,9.336679458618164,0,19477,97.38500213623047,6662.31591796875
1675,0.0598108246922493,0,19477,97.38500213623047,6662.37548828125
1676,0.0007487153052352369,0,19477,97.38500213623047,6662.37646484375
1677,1.2043452262878418,0,19477,97.38500213623047,6663.58056640625
1678,0.0001540442754048854,0,19477,97.38500213623047,6663.58056640625
1679,4.189498424530029,0,19477,97.38500213623047,6667.77001953125
1680,14.155734062194824,2,19479,97.39500427246094,6681.92578125
1681,2.482130289077759,0,19479,97.39500427246094,6684.40771484375
1682,12.6514310836792,0,19479,97.39500427246094,6697.05908203125
1683,4.115805149078369,0,19479,97.39500427246094,6701.1748046875
1684,17.917194366455078,1,19480,97.39999389648438,6719.091796875
1685,3.562624216079712,0,19480,97.39999389648438,6722.654296875
1686,12.38448715209961,0,19480,97.39999389648438,6735.03857421875
1687,1.9931539297103882,0,19480,97.39999389648438,6737.03173828125
1688,0.0014432270545512438,0,19480,97.39999389648438,6737.033203125
1689,3.082131862640381,0,19480,97.39999389648438,6740.115234375
1690,12.453716278076172,0,19480,97.39999389648438,6752.56884765625
1691,4.001456260681152,0,19480,97.39999389648438,6756.5703125
1692,13.968341827392578,0,19480,97.39999389648438,6770.53857421875
1693,4.826941013336182,0,19480,97.39999389648438,6775.36572265625
1694,14.915465354919434,0,19480,97.39999389648438,6790.28125
1695,2.651732921600342,0,19480,97.39999389648438,6792.93310546875
1696,5.651801109313965,0,19480,97.39999389648438,6798.5849609375
1697,4.138514518737793,0,19480,97.39999389648438,6802.7236328125
1698,3.824272394180298,1,19481,97.40499877929688,6806.5478515625
1699,0.502743661403656,0,19481,97.40499877929688,6807.05078125
1700,7.158762855397072e-06,0,19481,97.40499877929688,6807.05078125
1701,1.722652554512024,0,19481,97.40499877929688,6808.7734375
1702,0.0006604194641113281,0,19481,97.40499877929688,6808.77392578125
1703,3.882812976837158,0,19481,97.40499877929688,6812.65673828125
1704,0.0013955433387309313,0,19481,97.40499877929688,6812.658203125
1705,2.529306173324585,0,19481,97.40499877929688,6815.1875
1706,5.893855094909668,1,19482,97.40999603271484,6821.08154296875
1707,4.471503257751465,0,19482,97.40999603271484,6825.55322265625
1708,6.74516487121582,0,19482,97.40999603271484,6832.29833984375
1709,3.9107818603515625,0,19482,97.40999603271484,6836.208984375
1710,12.448009490966797,0,19482,97.40999603271484,6848.6572265625
1711,0.565729022026062,0,19482,97.40999603271484,6849.22314453125
1712,7.39140305086039e-05,0,19482,97.40999603271484,6849.22314453125
1713,0.9228157997131348,0,19482,97.40999603271484,6850.14599609375
1714,0.0001255671086255461,0,19482,97.40999603271484,6850.14599609375
1715,3.7780332565307617,0,19482,97.40999603271484,6853.923828125
1716,5.760475158691406,0,19482,97.40999603271484,6859.68408203125
1717,3.453186511993408,0,19482,97.40999603271484,6863.13720703125
1718,14.28931999206543,0,19482,97.40999603271484,6877.4267578125
1719,4.37696647644043,0,19482,97.40999603271484,6881.8037109375
1720,12.163056373596191,0,19482,97.40999603271484,6893.966796875
1721,3.4177536964416504,0,19482,97.40999603271484,6897.384765625
1722,0.004555384162813425,0,19482,97.40999603271484,6897.38916015625
1723,0.7316016554832458,0,19482,97.40999603271484,6898.12060546875
1724,0.0005650520324707031,0,19482,97.40999603271484,6898.12109375
1725,3.098870277404785,0,19482,97.40999603271484,6901.2197265625
1726,19.234771728515625,0,19482,97.40999603271484,6920.45458984375
1727,2.9443647861480713,0,19482,97.40999603271484,6923.39892578125
1728,5.526224613189697,0,19482,97.40999603271484,6928.92529296875
1729,3.2500171661376953,0,19482,97.40999603271484,6932.17529296875
1730,2.340843677520752,0,19482,97.40999603271484,6934.51611328125
1731,0.1928306519985199,0,19482,97.40999603271484,6934.708984375
1732,5.18718707098742e-06,0,19482,97.40999603271484,6934.708984375
1733,1.3768970966339111,0,19482,97.40999603271484,6936.0859375
1734,0.00037965967203490436,0,19482,97.40999603271484,6936.08642578125
1735,0.9906183481216431,0,19482,97.40999603271484,6937.0771484375
1736,0.0033714608289301395,0,19482,97.40999603271484,6937.08056640625
1737,1.0868966579437256,0,19482,97.40999603271484,6938.16748046875
1738,0.00033620288013480604,0,19482,97.40999603271484,6938.16796875
1739,3.655728816986084,0,19482,97.40999603271484,6941.82373046875
1740,2.3859190940856934,0,19482,97.40999603271484,6944.20947265625
1741,0.9185587167739868,0,19482,97.40999603271484,6945.1279296875
1742,0.00013351498637348413,0,19482,97.40999603271484,6945.1279296875
1743,3.1766350269317627,0,19482,97.40999603271484,6948.3046875
1744,3.2341086864471436,1,19483,97.41500091552734,6951.53857421875
1745,1.806732177734375,0,19483,97.41500091552734,6953.34521484375
1746,0.00012954136764165014,0,19483,97.41500091552734,6953.34521484375
1747,4.8966965675354,0,19483,97.41500091552734,6958.24169921875
1748,20.95070457458496,0,19483,97.41500091552734,6979.1923828125
1749,0.17106056213378906,0,19483,97.41500091552734,6979.36328125
1750,0.00011285425716778263,0,19483,97.41500091552734,6979.36328125
1751,3.1098973751068115,0,19483,97.41500091552734,6982.47314453125
1752,3.0426604747772217,0,19483,97.41500091552734,6985.515625
1753,4.074736595153809,0,19483,97.41500091552734,6989.59033203125
1754,15.38878345489502,0,19483,97.41500091552734,7004.97900390625
1755,3.7020621299743652,0,19483,97.41500091552734,7008.68115234375
1756,15.251386642456055,0,19483,97.41500091552734,7023.9326171875
1757,3.682252883911133,0,19483,97.41500091552734,7027.61474609375
1758,6.048446178436279,0,19483,97.41500091552734,7033.6630859375
1759,1.2001453638076782,0,19483,97.41500091552734,7034.86328125
1760,0.000397167110349983,0,19483,97.41500091552734,7034.86376953125
1761,1.7632091045379639,0,19483,97.41500091552734,7036.626953125
1762,8.046627044677734e-05,0,19483,97.41500091552734,7036.626953125
1763,0.46787023544311523,0,19483,97.41500091552734,7037.0947265625
1764,0.00019570191216189414,0,19483,97.41500091552734,7037.0947265625
1765,4.942957878112793,0,19483,97.41500091552734,7042.03759765625
1766,14.617420196533203,0,19483,97.41500091552734,7056.65478515625
1767,1.5701837539672852,0,19483,97.41500091552734,7058.22509765625
1768,0.00014941107656341046,0,19483,97.41500091552734,7058.22509765625
1769,3.752896547317505,0,19483,97.41500091552734,7061.97802734375
1770,13.195667266845703,0,19483,97.41500091552734,7075.173828125
1771,4.586397171020508,0,19483,97.41500091552734,7079.76025390625
1772,12.399388313293457,0,19483,97.41500091552734,7092.15966796875
1773,4.027263641357422,0,19483,97.41500091552734,7096.18701171875
1774,14.852558135986328,0,19483,97.41500091552734,7111.03955078125
1775,0.11697305738925934,0,19483,97.41500091552734,7111.15673828125
1776,0.0007193659548647702,0,19483,97.41500091552734,7111.1572265625
1777,1.5664218664169312,0,19483,97.41500091552734,7112.7236328125
1778,5.129724377184175e-05,0,19483,97.41500091552734,7112.7236328125
1779,2.7608466148376465,0,19483,97.41500091552734,7115.484375
1780,12.982987403869629,0,19483,97.41500091552734,7128.46728515625
1781,1.5055155754089355,0,19483,97.41500091552734,7129.97265625
1782,0.0004728634958155453,0,19483,97.41500091552734,7129.97314453125
1783,2.7420566082000732,0,19483,97.41500091552734,7132.71533203125
1784,0.0003202756051905453,0,19483,97.41500091552734,7132.7158203125
1785,0.6431089639663696,0,19483,97.41500091552734,7133.35888671875
1786,0.00012636184692382812,0,19483,97.41500091552734,7133.35888671875
1787,2.8562674522399902,0,19483,97.41500091552734,7136.21533203125
1788,0.17495612800121307,0,19483,97.41500091552734,7136.39013671875
1789,0.023371009156107903,0,19483,97.41500091552734,7136.41357421875
1790,0.00021378198289312422,0,19483,97.41500091552734,7136.41357421875
1791,2.6524734497070312,0,19483,97.41500091552734,7139.06591796875
1792,0.00064849853515625,0,19483,97.41500091552734,7139.06640625
1793,2.897411346435547,0,19483,97.41500091552734,7141.9638671875
1794,0.00029484429978765547,0,19483,97.41500091552734,7141.96435546875
1795,0.12567774951457977,0,19483,97.41500091552734,7142.08984375
1796,0.0002511342172510922,0,19483,97.41500091552734,7142.09033203125
1797,0.8593997955322266,0,19483,97.41500091552734,7142.94970703125
1798,3.5762786865234375e-05,0,19483,97.41500091552734,7142.94970703125
1799,2.4573824405670166,0,19483,97.41500091552734,7145.4072265625
1800,18.961477279663086,0,19483,97.41500091552734,7164.36865234375
1801,3.7719998359680176,0,19483,97.41500091552734,7168.140625
1802,1.990784764289856,0,19483,97.41500091552734,7170.13134765625
1803,3.511591672897339,0,19483,97.41500091552734,7173.64306640625
1804,0.0039295353926718235,0,19483,97.41500091552734,7173.64697265625
1805,0.09386652708053589,0,19483,97.41500091552734,7173.74072265625
1806,0.0023055076599121094,0,19483,97.41500091552734,7173.7431640625
1807,2.7236783504486084,0,19483,97.41500091552734,7176.466796875
1808,9.735424828249961e-05,0,19483,97.41500091552734,7176.466796875
1809,4.416457176208496,0,19483,97.41500091552734,7180.88330078125
1810,15.406134605407715,0,19483,97.41500091552734,7196.28955078125
1811,3.8713951110839844,0,19483,97.41500091552734,7200.1611328125
1812,12.362903594970703,1,19484,97.41999816894531,7212.52392578125
1813,3.705339193344116,0,19484,97.41999816894531,7216.2294921875
1814,15.669730186462402,0,19484,97.41999816894531,7231.8994140625
1815,0.05502096563577652,0,19484,97.41999816894531,7231.95458984375
1816,5.088745638204273e-06,0,19484,97.41999816894531,7231.95458984375
1817,0.03176227584481239,0,19484,97.41999816894531,7231.986328125
1818,2.384185791015625e-06,0,19484,97.41999816894531,7231.986328125
1819,4.624930381774902,0,19484,97.41999816894531,7236.611328125
1820,16.13974380493164,0,19484,97.41999816894531,7252.7509765625
1821,3.2983241081237793,0,19484,97.41999816894531,7256.04931640625
1822,8.480628967285156,1,19485,97.42500305175781,7264.52978515625
1823,3.4170494079589844,0,19485,97.42500305175781,7267.94677734375
1824,14.074857711791992,0,19485,97.42500305175781,7282.021484375
1825,3.0786595344543457,0,19485,97.42500305175781,7285.10009765625
1826,7.872533321380615,0,19485,97.42500305175781,7292.97265625
1827,2.2304725646972656,0,19485,97.42500305175781,7295.203125
1828,0.00033458071993663907,0,19485,97.42500305175781,7295.20361328125
1829,4.417268753051758,0,19485,97.42500305175781,7299.62109375
1830,19.554363250732422,3,19488,97.43999481201172,7319.17529296875
1831,1.303654670715332,0,19488,97.43999481201172,7320.47900390625
1832,0.00014166093023959547,0,19488,97.43999481201172,7320.47900390625
1833,4.55868673324585,0,19488,97.43999481201172,7325.03759765625
1834,5.710494041442871,0,19488,97.43999481201172,7330.748046875
1835,4.8645477294921875,0,19488,97.43999481201172,7335.61279296875
1836,5.670490741729736,0,19488,97.43999481201172,7341.283203125
1837,3.0579028129577637,0,19488,97.43999481201172,7344.34130859375
1838,14.6292142868042,0,19488,97.43999481201172,7358.970703125
1839,3.814220428466797,0,19488,97.43999481201172,7362.78515625
1840,12.800206184387207,0,19488,97.43999481201172,7375.58544921875
1841,1.5282927751541138,0,19488,97.43999481201172,7377.11376953125
1842,0.00015974834968801588,0,19488,97.43999481201172,7377.11376953125
1843,2.4667000770568848,0,19488,97.43999481201172,7379.58056640625
1844,0.0006624062662012875,0,19488,97.43999481201172,7379.5810546875
1845,1.5183851718902588,0,19488,97.43999481201172,7381.099609375
1846,5.0465263484511524e-05,0,19488,97.43999481201172,7381.099609375
1847,4.79263162612915,0,19488,97.43999481201172,7385.89208984375
1848,19.774341583251953,0,19488,97.43999481201172,7405.66650390625
1849,3.610877752304077,0,19488,97.43999481201172,7409.27734375
1850,10.452747344970703,0,19488,97.43999481201172,7419.72998046875
1851,2.8502607345581055,0,19488,97.43999481201172,7422.580078125
1852,17.914167404174805,0,19488,97.43999481201172,7440.494140625
1853,1.138448715209961,0,19488,97.43999481201172,7441.6328125
1854,0.00043392469524405897,0,19488,97.43999481201172,7441.63330078125
1855,3.585536479949951,0,19488,97.43999481201172,7445.21875
1856,0.0014252463588491082,0,19488,97.43999481201172,7445.22021484375
1857,2.85223388671875,0,19488,97.43999481201172,7448.072265625
1858,16.448755264282227,0,19488,97.43999481201172,7464.52099609375
1859,3.0594420433044434,0,19488,97.43999481201172,7467.58056640625
1860,12.66292953491211,1,19489,97.44499969482422,7480.24365234375
1861,1.4650903940200806,0,19489,97.44499969482422,7481.708984375
1862,0.00021775563072878867,0,19489,97.44499969482422,7481.708984375
1863,2.494007110595703,0,19489,97.44499969482422,7484.203125
1864,0.0005070368060842156,0,19489,97.44499969482422,7484.20361328125
1865,0.41914594173431396,0,19489,97.44499969482422,7484.62255859375
1866,0.0010116894263774157,0,19489,97.44499969482422,7484.62353515625
1867,0.4709874391555786,0,19489,97.44499969482422,7485.0947265625
1868,0.0004728634958155453,0,19489,97.44499969482422,7485.09521484375
1869,2.2211577892303467,0,19489,97.44499969482422,7487.31640625
1870,3.0885748863220215,3,19492,97.45999908447266,7490.40478515625
1871,0.3501701354980469,0,19492,97.45999908447266,7490.7548828125
1872,0.00020901361131109297,0,19492,97.45999908447266,7490.7548828125
1873,2.8320279121398926,0,19492,97.45999908447266,7493.5869140625
1874,9.504533767700195,5,19497,97.48500061035156,7503.09130859375
1875,3.59071683883667,0,19497,97.48500061035156,7506.68212890625
1876,0.003928343299776316,0,19497,97.48500061035156,7506.68603515625
1877,1.4405630826950073,0,19497,97.48500061035156,7508.12646484375
1878,9.697861671447754,0,19497,97.48500061035156,7517.82421875
1879,0.6987199783325195,0,19497,97.48500061035156,7518.52294921875
1880,0.001037915819324553,0,19497,97.48500061035156,7518.52392578125
1881,2.054258346557617,0,19497,97.48500061035156,7520.578125
1882,3.4157886505126953,0,19497,97.48500061035156,7523.994140625
1883,4.771861553192139,0,19497,97.48500061035156,7528.76611328125
1884,3.146533727645874,0,19497,97.48500061035156,7531.91259765625
1885,4.856636047363281,0,19497,97.48500061035156,7536.76904296875
1886,3.8918850421905518,0,19497,97.48500061035156,7540.6611328125
1887,2.2721526622772217,0,19497,97.48500061035156,7542.93310546875
1888,10.260503768920898,0,19497,97.48500061035156,7553.19384765625
1889,3.8689749240875244,0,19497,97.48500061035156,7557.06298828125
1890,2.5769989490509033,0,19497,97.48500061035156,7559.64013671875
1891,2.947295665740967,0,19497,97.48500061035156,7562.58740234375
1892,15.81694507598877,0,19497,97.48500061035156,7578.404296875
1893,1.2381337881088257,0,19497,97.48500061035156,7579.642578125
1894,0.00037948289536871016,0,19497,97.48500061035156,7579.64306640625
1895,1.7412827014923096,0,19497,97.48500061035156,7581.38427734375
1896,8.344650268554688e-05,0,19497,97.48500061035156,7581.38427734375
1897,2.2841837406158447,0,19497,97.48500061035156,7583.66845703125
1898,0.0008348623523488641,0,19497,97.48500061035156,7583.66943359375
1899,0.19764403998851776,0,19497,97.48500061035156,7583.8671875
1900,0.0012747446307912469,0,19497,97.48500061035156,7583.86865234375
1901,0.16794675588607788,0,19497,97.48500061035156,7584.03662109375
1902,0.0008821486844681203,0,19497,97.48500061035156,7584.03759765625
1903,2.611945629119873,0,19497,97.48500061035156,7586.6494140625
1904,0.0001537799835205078,0,19497,97.48500061035156,7586.6494140625
1905,2.5838422775268555,0,19497,97.48500061035156,7589.2333984375
1906,0.0008372465381398797,0,19497,97.48500061035156,7589.234375
1907,2.972386598587036,0,19497,97.48500061035156,7592.20654296875
1908,22.408891677856445,0,19497,97.48500061035156,7614.615234375
1909,3.5536251068115234,0,19497,97.48500061035156,7618.1689453125
1910,8.361924171447754,0,19497,97.48500061035156,7626.53076171875
1911,3.582439422607422,0,19497,97.48500061035156,7630.11328125
1912,12.35828685760498,0,19497,97.48500061035156,7642.4716796875
1913,1.6499778032302856,0,19497,97.48500061035156,7644.12158203125
1914,0.0006564458017237484,0,19497,97.48500061035156,7644.1220703125
1915,1.3150523900985718,0,19497,97.48500061035156,7645.43701171875
1916,9.883966445922852,0,19497,97.48500061035156,7655.32080078125
1917,3.9216220378875732,0,19497,97.48500061035156,7659.2421875
1918,4.014853000640869,0,19497,97.48500061035156,7663.2568359375
1919,1.6415858268737793,0,19497,97.48500061035156,7664.8984375
1920,0.00017960865807253867,0,19497,97.48500061035156,7664.8984375
1921,0.4596959948539734,0,19497,97.48500061035156,7665.35791015625
1922,0.00033219653414562345,0,19497,97.48500061035156,7665.3583984375
1923,3.9816412925720215,0,19497,97.48500061035156,7669.33984375
1924,10.392992973327637,0,19497,97.48500061035156,7679.73291015625
1925,3.6299047470092773,0,19497,97.48500061035156,7683.36279296875
1926,1.8036370277404785,0,19497,97.48500061035156,7685.16650390625
1927,1.7285033464431763,0,19497,97.48500061035156,7686.89501953125
1928,11.405009269714355,0,19497,97.48500061035156,7698.2998046875
1929,3.1781113147735596,0,19497,97.48500061035156,7701.47802734375
1930,0.944074273109436,0,19497,97.48500061035156,7702.421875
1931,1.4177703857421875,0,19497,97.48500061035156,7703.83984375
1932,0.0002010663301916793,0,19497,97.48500061035156,7703.83984375
1933,3.2183728218078613,0,19497,97.48500061035156,7707.05810546875
1934,0.0036422410048544407,0,19497,97.48500061035156,7707.0615234375
1935,1.9591974020004272,0,19497,97.48500061035156,7709.0205078125
1936,8.424122643191367e-05,0,19497,97.48500061035156,7709.0205078125
1937,0.37917983531951904,0,19497,97.48500061035156,7709.39990234375
1938,0.00017642974853515625,0,19497,97.48500061035156,7709.39990234375
1939,4.475142478942871,0,19497,97.48500061035156,7713.875
1940,0.44742149114608765,0,19497,97.48500061035156,7714.322265625
1941,3.0190110206604004,0,19497,97.48500061035156,7717.34130859375
1942,0.0007303555612452328,0,19497,97.48500061035156,7717.341796875
1943,2.126441240310669,0,19497,97.48500061035156,7719.46826171875
1944,0.49727940559387207,0,19497,97.48500061035156,7719.96533203125
1945,4.343294620513916,0,19497,97.48500061035156,7724.30859375
1946,0.40476691722869873,0,19497,97.48500061035156,7724.71337890625
1947,4.763396739959717,0,19497,97.48500061035156,7729.4765625
1948,0.2589937746524811,0,19497,97.48500061035156,7729.7353515625
1949,3.77477765083313,0,19497,97.48500061035156,7733.51025390625
1950,0.6108879446983337,0,19497,97.48500061035156,7734.12109375
1951,1.288233995437622,0,19497,97.48500061035156,7735.4091796875
1952,34.601558685302734,0,19497,97.48500061035156,7770.0107421875
1953,4.544127941131592,0,19497,97.48500061035156,7774.5546875
1954,11.012145042419434,0,19497,97.48500061035156,7785.56689453125
1955,1.991965651512146,0,19497,97.48500061035156,7787.55908203125
1956,0.00013113261957187206,0,19497,97.48500061035156,7787.55908203125
1957,1.688486099243164,0,19497,97.48500061035156,7789.24755859375
1958,0.002448558807373047,0,19497,97.48500061035156,7789.25
1959,1.921251893043518,0,19497,97.48500061035156,7791.17138671875
1960,10.73743724822998,1,19498,97.48999786376953,7801.90869140625
1961,3.720731735229492,0,19498,97.48999786376953,7805.62939453125
1962,0.0024225052911788225,0,19498,97.48999786376953,7805.6318359375
1963,1.3182045221328735,0,19498,97.48999786376953,7806.9501953125
1964,10.883296966552734,0,19498,97.48999786376953,7817.83349609375
1965,4.984423637390137,0,19498,97.48999786376953,7822.81787109375
1966,10.785136222839355,0,19498,97.48999786376953,7833.60302734375
1967,2.9304633140563965,0,19498,97.48999786376953,7836.53369140625
1968,16.273727416992188,0,19498,97.48999786376953,7852.8076171875
1969,2.413699150085449,0,19498,97.48999786376953,7855.22119140625
1970,5.605795383453369,0,19498,97.48999786376953,7860.8271484375
1971,3.3913943767547607,0,19498,97.48999786376953,7864.21875
1972,1.2362149953842163,0,19498,97.48999786376953,7865.455078125
1973,0.7473539710044861,0,19498,97.48999786376953,7866.20263671875
1974,3.973642742494121e-05,0,19498,97.48999786376953,7866.20263671875
1975,2.3573455810546875,0,19498,97.48999786376953,7868.56005859375
1976,0.0015823045978322625,0,19498,97.48999786376953,7868.5615234375
1977,1.173629879951477,0,19498,97.48999786376953,7869.7353515625
1978,21.52205467224121,0,19498,97.48999786376953,7891.25732421875
1979,2.6531801223754883,0,19498,97.48999786376953,7893.91064453125
1980,10.024662017822266,0,19498,97.48999786376953,7903.935546875
1981,1.4561495780944824,0,19498,97.48999786376953,7905.3916015625
1982,0.01123572327196598,0,19498,97.48999786376953,7905.40283203125
1983,0.8002268671989441,0,19498,97.48999786376953,7906.203125
1984,3.4984967708587646,0,19498,97.48999786376953,7909.70166015625
1985,1.6401264667510986,0,19498,97.48999786376953,7911.341796875
1986,0.0049463906325399876,0,19498,97.48999786376953,7911.3466796875
1987,0.9391809701919556,0,19498,97.48999786376953,7912.28564453125
1988,31.377960205078125,0,19498,97.48999786376953,7943.66357421875
1989,4.797557353973389,0,19498,97.48999786376953,7948.4609375
1990,16.898954391479492,0,19498,97.48999786376953,7965.35986328125
1991,2.1480329036712646,0,19498,97.48999786376953,7967.5078125
1992,6.412479706341401e-05,0,19498,97.48999786376953,7967.5078125
1993,2.7163851261138916,0,19498,97.48999786376953,7970.22412109375
1994,14.0819673538208,0,19498,97.48999786376953,7984.30615234375
1995,4.109597206115723,0,19498,97.48999786376953,7988.41552734375
1996,11.221017837524414,0,19498,97.48999786376953,7999.63671875
1997,3.8806910514831543,0,19498,97.48999786376953,8003.517578125
1998,13.06740951538086,0,19498,97.48999786376953,8016.5849609375
1999,2.4708452224731445,0,19498,97.48999786376953,8019.0556640625
2000,0.0009028129861690104,0,19498,97.48999786376953,8019.056640625
2001,3.717560291290283,0,19498,97.48999786376953,8022.7744140625
2002,13.452790260314941,0,19498,97.48999786376953,8036.22705078125
2003,3.6258647441864014,0,19498,97.48999786376953,8039.85302734375
2004,19.344375610351562,0,19498,97.48999786376953,8059.197265625
2005,2.1616992950439453,0,19498,97.48999786376953,8061.35888671875
2006,2.8612987080123276e-05,0,19498,97.48999786376953,8061.35888671875
2007,2.7016425132751465,0,19498,97.48999786376953,8064.060546875
2008,0.5058193206787109,0,19498,97.48999786376953,8064.56640625
2009,2.5483415126800537,0,19498,97.48999786376953,8067.11474609375
2010,0.02106446586549282,0,19498,97.48999786376953,8067.1357421875
2011,3.7565577030181885,0,19498,97.48999786376953,8070.89208984375
2012,0.00025899981847032905,0,19498,97.48999786376953,8070.892578125
2013,0.42034727334976196,0,19498,97.48999786376953,8071.31298828125
2014,0.00019828477525152266,0,19498,97.48999786376953,8071.31298828125
2015,4.034456253051758,0,19498,97.48999786376953,8075.34765625
2016,19.04599380493164,0,19498,97.48999786376953,8094.3935546875
2017,2.5699148178100586,0,19498,97.48999786376953,8096.96337890625
2018,0.012805858626961708,0,19498,97.48999786376953,8096.97607421875
2019,2.307983160018921,0,19498,97.48999786376953,8099.2841796875
2020,12.466639518737793,0,19498,97.48999786376953,8111.7509765625
2021,4.047271728515625,0,19498,97.48999786376953,8115.79833984375
2022,16.782747268676758,0,19498,97.48999786376953,8132.5810546875
2023,3.914994955062866,0,19498,97.48999786376953,8136.49609375
2024,15.752776145935059,0,19498,97.48999786376953,8152.2490234375
2025,0.5256877541542053,0,19498,97.48999786376953,8152.77490234375
2026,0.00038400976336561143,0,19498,97.48999786376953,8152.775390625
2027,1.0046695470809937,0,19498,97.48999786376953,8153.7802734375
2028,7.596026989631355e-05,0,19498,97.48999786376953,8153.7802734375
2029,4.7475762367248535,0,19498,97.48999786376953,8158.52783203125
2030,13.985610961914062,0,19498,97.48999786376953,8172.513671875
2031,3.2792444229125977,0,19498,97.48999786376953,8175.79296875
2032,0.0008424123516306281,0,19498,97.48999786376953,8175.7939453125
2033,2.109830141067505,0,19498,97.48999786376953,8177.90380859375
2034,23.37958335876465,0,19498,97.48999786376953,8201.283203125
2035,1.1005198955535889,0,19498,97.48999786376953,8202.3837890625
2036,2.360981125093531e-05,0,19498,97.48999786376953,8202.3837890625
2037,4.531031131744385,0,19498,97.48999786376953,8206.9150390625
2038,9.232666969299316,0,19498,97.48999786376953,8216.1474609375
2039,1.393524408340454,0,19498,97.48999786376953,8217.541015625
2040,0.0006588310352526605,0,19498,97.48999786376953,8217.5419921875
2041,0.29262882471084595,0,19498,97.48999786376953,8217.8349609375
2042,0.0011334816226735711,0,19498,97.48999786376953,8217.8359375
2043,4.544484615325928,0,19498,97.48999786376953,8222.380859375
2044,4.307877063751221,0,19498,97.48999786376953,8226.6884765625
2045,1.7316210269927979,0,19498,97.48999786376953,8228.419921875
2046,6.155508995056152,0,19498,97.48999786376953,8234.5751953125
2047,0.9367479085922241,0,19498,97.48999786376953,8235.51171875
2048,2.445082282065414e-05,0,19498,97.48999786376953,8235.51171875
2049,1.8317959308624268,0,19498,97.48999786376953,8237.34375
2050,0.0009218851337209344,0,19498,97.48999786376953,8237.3447265625
2051,1.2215325832366943,0,19498,97.48999786376953,8238.56640625
2052,3.3246402740478516,0,19498,97.48999786376953,8241.890625
2053,3.859678268432617,0,19498,97.48999786376953,8245.75
2054,1.4959460496902466,0,19498,97.48999786376953,8247.24609375
2055,2.831333637237549,0,19498,97.48999786376953,8250.0771484375
2056,9.4628267288208,0,19498,97.48999786376953,8259.5400390625
2057,4.871738910675049,0,19498,97.48999786376953,8264.412109375
2058,9.69626235961914,0,19498,97.48999786376953,8274.1083984375
2059,4.994134902954102,0,19498,97.48999786376953,8279.1025390625
2060,9.640585899353027,0,19498,97.48999786376953,8288.7431640625
2061,0.8875178098678589,0,19498,97.48999786376953,8289.630859375
2062,0.0001607375597814098,0,19498,97.48999786376953,8289.630859375
2063,1.837470293045044,0,19498,97.48999786376953,8291.46875
2064,10.862582206726074,0,19498,97.48999786376953,8302.3310546875
2065,1.0306334495544434,0,19498,97.48999786376953,8303.361328125
2066,0.0002692143025342375,0,19498,97.48999786376953,8303.361328125
2067,4.131455421447754,0,19498,97.48999786376953,8307.4931640625
2068,5.725327491760254,0,19498,97.48999786376953,8313.21875
2069,0.9889851808547974,0,19498,97.48999786376953,8314.2080078125
2070,0.00020043224503751844,0,19498,97.48999786376953,8314.2080078125
2071,0.19238707423210144,0,19498,97.48999786376953,8314.400390625
2072,0.00014891753380652517,0,19498,97.48999786376953,8314.400390625
2073,4.208881378173828,0,19498,97.48999786376953,8318.609375
2074,5.727949619293213,0,19498,97.48999786376953,8324.3369140625
2075,3.8408217430114746,0,19498,97.48999786376953,8328.177734375
2076,14.854300498962402,0,19498,97.48999786376953,8343.0322265625
2077,3.782480478286743,0,19498,97.48999786376953,8346.814453125
2078,8.847994804382324,0,19498,97.48999786376953,8355.662109375
2079,2.1139450073242188,0,19498,97.48999786376953,8357.7763671875
2080,0.011911987327039242,0,19498,97.48999786376953,8357.7880859375
2081,3.5504825115203857,0,19498,97.48999786376953,8361.3388671875
2082,0.00027398267411626875,0,19498,97.48999786376953,8361.3388671875
2083,3.348949909210205,0,19498,97.48999786376953,8364.6875
2084,6.13556432723999,0,19498,97.48999786376953,8370.8232421875
2085,2.0545709133148193,0,19498,97.48999786376953,8372.8779296875
2086,0.0005477613885886967,0,19498,97.48999786376953,8372.87890625
2087,3.8577301502227783,0,19498,97.48999786376953,8376.736328125
2088,15.72801685333252,1,19499,97.49500274658203,8392.4638671875
2089,3.4842545986175537,0,19499,97.49500274658203,8395.9482421875
2090,23.406959533691406,0,19499,97.49500274658203,8419.35546875
2091,4.188487529754639,0,19499,97.49500274658203,8423.5439453125
2092,16.003559112548828,1,19500,97.5,8439.5478515625
2093,0.7750139832496643,0,19500,97.5,8440.3232421875
2094,9.695688640931621e-05,0,19500,97.5,8440.3232421875
2095,4.061192989349365,0,19500,97.5,8444.384765625
2096,7.828609466552734,0,19500,97.5,8452.212890625
2097,3.7043700218200684,0,19500,97.5,8455.9169921875
2098,16.601909637451172,0,19500,97.5,8472.5185546875
2099,4.400764465332031,0,19500,97.5,8476.9189453125
2100,14.714754104614258,0,19500,97.5,8491.6337890625
2101,3.2510135173797607,0,19500,97.5,8494.884765625
2102,0.0004800161987077445,0,19500,97.5,8494.884765625
2103,4.900959014892578,0,19500,97.5,8499.7861328125
2104,4.114396572113037,0,19500,97.5,8503.900390625
2105,0.6524443030357361,0,19500,97.5,8504.552734375
2106,0.0004728634958155453,0,19500,97.5,8504.552734375
2107,2.9752109050750732,0,19500,97.5,8507.5283203125
2108,17.16506004333496,0,19500,97.5,8524.693359375
2109,1.3948490619659424,0,19500,97.5,8526.087890625
2110,0.00039519372512586415,0,19500,97.5,8526.087890625
2111,0.5755375027656555,0,19500,97.5,8526.6630859375
2112,0.0009480867302045226,0,19500,97.5,8526.6640625
2113,1.277191400527954,0,19500,97.5,8527.94140625
2114,11.58687973022461,0,19500,97.5,8539.5283203125
2115,0.14464633166790009,0,19500,97.5,8539.6728515625
2116,0.0004021358035970479,0,19500,97.5,8539.6728515625
2117,4.6039228439331055,0,19500,97.5,8544.2763671875
2118,17.207073211669922,0,19500,97.5,8561.4833984375
2119,0.2703832685947418,0,19500,97.5,8561.75390625
2120,0.0006458801799453795,0,19500,97.5,8561.7548828125
2121,0.9784328937530518,0,19500,97.5,8562.7333984375
2122,8.552827835083008,0,19500,97.5,8571.2861328125
2123,0.6393504738807678,0,19500,97.5,8571.92578125
2124,7.437377644237131e-05,0,19500,97.5,8571.92578125
2125,2.8861100673675537,0,19500,97.5,8574.8115234375
2126,12.552943229675293,0,19500,97.5,8587.3642578125
2127,1.7558059692382812,0,19500,97.5,8589.1201171875
2128,0.0006222724914550781,0,19500,97.5,8589.12109375
2129,1.0576376914978027,0,19500,97.5,8590.1787109375
2130,0.30740809440612793,0,19500,97.5,8590.486328125
2131,4.645181655883789,0,19500,97.5,8595.1318359375
2132,12.348204612731934,0,19500,97.5,8607.48046875
2133,1.6007325649261475,0,19500,97.5,8609.0810546875
2134,0.0004720688739325851,0,19500,97.5,8609.0810546875
2135,4.17183256149292,0,19500,97.5,8613.2529296875
2136,13.60078239440918,0,19500,97.5,8626.853515625
2137,4.69138240814209,0,19500,97.5,8631.544921875
2138,12.700772285461426,1,19501,97.50499725341797,8644.24609375
2139,3.478342056274414,0,19501,97.50499725341797,8647.724609375
2140,9.625075340270996,0,19501,97.50499725341797,8657.349609375
2141,1.0808014869689941,0,19501,97.50499725341797,8658.4306640625
2142,0.0005877047660760581,0,19501,97.50499725341797,8658.431640625
2143,3.958446741104126,0,19501,97.50499725341797,8662.3896484375
2144,0.002434253692626953,0,19501,97.50499725341797,8662.3916015625
2145,3.1195900440216064,0,19501,97.50499725341797,8665.5107421875
2146,12.738883018493652,1,19502,97.50999450683594,8678.25
2147,4.799533367156982,0,19502,97.50999450683594,8683.0498046875
2148,12.433194160461426,0,19502,97.50999450683594,8695.4833984375
2149,4.685947418212891,0,19502,97.50999450683594,8700.1689453125
2150,13.012103080749512,0,19502,97.50999450683594,8713.1806640625
2151,1.1801849603652954,0,19502,97.50999450683594,8714.361328125
2152,0.0006031990051269531,0,19502,97.50999450683594,8714.3623046875
2153,2.5280237197875977,0,19502,97.50999450683594,8716.890625
2154,0.0001915295870276168,0,19502,97.50999450683594,8716.890625
2155,2.1793243885040283,0,19502,97.50999450683594,8719.0703125
2156,9.771203994750977,0,19502,97.50999450683594,8728.841796875
2157,4.8236541748046875,0,19502,97.50999450683594,8733.6650390625
2158,7.366308212280273,0,19502,97.50999450683594,8741.03125
2159,0.7385122776031494,0,19502,97.50999450683594,8741.76953125
2160,0.00026702880859375,0,19502,97.50999450683594,8741.76953125
2161,1.3353930711746216,0,19502,97.50999450683594,8743.1044921875
2162,5.483626955538057e-05,0,19502,97.50999450683594,8743.1044921875
2163,3.224911689758301,0,19502,97.50999450683594,8746.3291015625
2164,5.890218734741211,0,19502,97.50999450683594,8752.2197265625
2165,0.9942687153816223,0,19502,97.50999450683594,8753.2138671875
2166,0.0004347165231592953,0,19502,97.50999450683594,8753.2138671875
2167,3.3263134956359863,0,19502,97.50999450683594,8756.5400390625
2168,12.446428298950195,0,19502,97.50999450683594,8768.986328125
2169,0.9579598307609558,0,19502,97.50999450683594,8769.9443359375
2170,0.0003043868928216398,0,19502,97.50999450683594,8769.9443359375
2171,4.465449810028076,0,19502,97.50999450683594,8774.41015625
2172,3.8389298915863037,0,19502,97.50999450683594,8778.2490234375
2173,1.4314793348312378,0,19502,97.50999450683594,8779.6806640625
2174,0.00014146168541628867,0,19502,97.50999450683594,8779.6806640625
2175,4.064783573150635,0,19502,97.50999450683594,8783.7451171875
2176,12.565018653869629,0,19502,97.50999450683594,8796.310546875
2177,0.5228733420372009,0,19502,97.50999450683594,8796.8330078125
2178,0.00042756469338200986,0,19502,97.50999450683594,8796.8330078125
2179,2.033647060394287,0,19502,97.50999450683594,8798.8662109375
2180,0.00012834866356570274,0,19502,97.50999450683594,8798.8662109375
2181,4.352034091949463,0,19502,97.50999450683594,8803.2177734375
2182,8.062339782714844,0,19502,97.50999450683594,8811.2802734375
2183,3.680901050567627,0,19502,97.50999450683594,8814.9609375
2184,12.549510955810547,0,19502,97.50999450683594,8827.5107421875
2185,3.646552085876465,0,19502,97.50999450683594,8831.1572265625
2186,7.9881792068481445,0,19502,97.50999450683594,8839.1455078125
2187,0.35161128640174866,0,19502,97.50999450683594,8839.4970703125
2188,0.00042756396578624845,0,19502,97.50999450683594,8839.4970703125
2189,4.361663818359375,0,19502,97.50999450683594,8843.8583984375
2190,10.435590744018555,0,19502,97.50999450683594,8854.2939453125
2191,4.395632743835449,0,19502,97.50999450683594,8858.689453125
2192,14.439900398254395,0,19502,97.50999450683594,8873.12890625
2193,3.183924913406372,0,19502,97.50999450683594,8876.3125
2194,5.882733345031738,0,19502,97.50999450683594,8882.1953125
2195,2.6317203044891357,0,19502,97.50999450683594,8884.8271484375
2196,12.860645294189453,0,19502,97.50999450683594,8897.6875
2197,1.0268248319625854,0,19502,97.50999450683594,8898.7138671875
2198,0.00017166872567031533,0,19502,97.50999450683594,8898.7138671875
2199,1.5788838863372803,0,19502,97.50999450683594,8900.29296875
2200,0.0031665959395468235,0,19502,97.50999450683594,8900.2958984375
2201,1.0256003141403198,0,19502,97.50999450683594,8901.3212890625
2202,0.00035802522324956954,0,19502,97.50999450683594,8901.3212890625
2203,0.3382514417171478,0,19502,97.50999450683594,8901.6591796875
2204,0.0005598862771876156,0,19502,97.50999450683594,8901.66015625
2205,0.2071106880903244,0,19502,97.50999450683594,8901.8671875
2206,0.0007736682309769094,0,19502,97.50999450683594,8901.8681640625
2207,4.223637104034424,0,19502,97.50999450683594,8906.091796875
2208,7.112148284912109,0,19502,97.50999450683594,8913.2041015625
2209,1.1088277101516724,0,19502,97.50999450683594,8914.3125
2210,6.787742614746094,0,19502,97.50999450683594,8921.1005859375
2211,4.825350761413574,0,19502,97.50999450683594,8925.92578125
2212,12.382186889648438,0,19502,97.50999450683594,8938.3076171875
2213,3.580857038497925,0,19502,97.50999450683594,8941.888671875
2214,1.4967539310455322,0,19502,97.50999450683594,8943.3857421875
2215,0.18618449568748474,0,19502,97.50999450683594,8943.572265625
2216,0.00017007191490847617,0,19502,97.50999450683594,8943.572265625
2217,1.56708824634552,0,19502,97.50999450683594,8945.1396484375
2218,0.0029246010817587376,0,19502,97.50999450683594,8945.142578125
2219,0.3277576267719269,0,19502,97.50999450683594,8945.470703125
2220,11.546405792236328,0,19502,97.50999450683594,8957.017578125
2221,1.6320000886917114,0,19502,97.50999450683594,8958.6494140625
2222,0.00045120844151824713,0,19502,97.50999450683594,8958.6494140625
2223,2.2489736080169678,0,19502,97.50999450683594,8960.8984375
2224,8.095723152160645,0,19502,97.50999450683594,8968.994140625
2225,0.31165581941604614,0,19502,97.50999450683594,8969.3056640625
2226,0.00022808709763921797,0,19502,97.50999450683594,8969.3056640625
2227,0.7756924033164978,0,19502,97.50999450683594,8970.0810546875
2228,3.7749607145087793e-05,0,19502,97.50999450683594,8970.0810546875
2229,0.8310852646827698,0,19502,97.50999450683594,8970.912109375
2230,0.0002455711364746094,0,19502,97.50999450683594,8970.912109375
2231,0.8806944489479065,0,19502,97.50999450683594,8971.79296875
2232,2.702077108551748e-05,0,19502,97.50999450683594,8971.79296875
2233,3.828157663345337,0,19502,97.50999450683594,8975.62109375
2234,3.199338436126709,0,19502,97.50999450683594,8978.8203125
2235,1.843334436416626,0,19502,97.50999450683594,8980.6640625
2236,4.838758945465088,0,19502,97.50999450683594,8985.5029296875
2237,2.8729703426361084,0,19502,97.50999450683594,8988.3759765625
2238,0.00030249383416958153,0,19502,97.50999450683594,8988.3759765625
2239,2.254926919937134,0,19502,97.50999450683594,8990.630859375
2240,0.00026926398277282715,0,19502,97.50999450683594,8990.630859375
2241,1.1125004291534424,0,19502,97.50999450683594,8991.7431640625
2242,6.556510470545618e-06,0,19502,97.50999450683594,8991.7431640625
2243,0.0645790547132492,0,19502,97.50999450683594,8991.8076171875
2244,2.0116567611694336e-05,0,19502,97.50999450683594,8991.8076171875
2245,2.122392416000366,0,19502,97.50999450683594,8993.9296875
2246,0.0018632410792633891,0,19502,97.50999450683594,8993.931640625
2247,1.557711124420166,0,19502,97.50999450683594,8995.4892578125
2248,0.00014687576913274825,0,19502,97.50999450683594,8995.4892578125
2249,2.140543222427368,0,19502,97.50999450683594,8997.6298828125
2250,0.00044698515557684004,0,19502,97.50999450683594,8997.6298828125
2251,1.2314879894256592,0,19502,97.50999450683594,8998.861328125
2252,5.250175672699697e-05,0,19502,97.50999450683594,8998.861328125
2253,0.3593123257160187,0,19502,97.50999450683594,8999.220703125
2254,2.324580964341294e-05,0,19502,97.50999450683594,8999.220703125
2255,2.2074220180511475,0,19502,97.50999450683594,9001.427734375
2256,0.001287261606194079,0,19502,97.50999450683594,9001.4287109375
2257,0.0010704423766583204,0,19502,97.50999450683594,9001.4296875
2258,0.0012908378848806024,0,19502,97.50999450683594,9001.4306640625
2259,3.486158847808838,0,19502,97.50999450683594,9004.9169921875
2260,2.4990105628967285,0,19502,97.50999450683594,9007.416015625
2261,0.576561689376831,0,19502,97.50999450683594,9007.9921875
2262,1.5902330687822541e-06,0,19502,97.50999450683594,9007.9921875
2263,1.2734580039978027,0,19502,97.50999450683594,9009.265625
2264,0.00034652650356292725,0,19502,97.50999450683594,9009.265625
2265,0.7221471667289734,0,19502,97.50999450683594,9009.9873046875
2266,0.00012206534302094951,0,19502,97.50999450683594,9009.9873046875
2267,2.6750967502593994,0,19502,97.50999450683594,9012.662109375
2268,6.566157817840576,0,19502,97.50999450683594,9019.228515625
2269,2.02323055267334,0,19502,97.50999450683594,9021.251953125
2270,16.289995193481445,0,19502,97.50999450683594,9037.5419921875
2271,2.084381580352783,0,19502,97.50999450683594,9039.6259765625
2272,0.0033410389441996813,0,19502,97.50999450683594,9039.62890625
2273,1.950392484664917,0,19502,97.50999450683594,9041.5791015625
2274,7.071475028991699,1,19503,97.51499938964844,9048.650390625
2275,2.0846519470214844,0,19503,97.51499938964844,9050.7353515625
2276,9.171045303344727,0,19503,97.51499938964844,9059.90625
2277,1.1792230606079102,0,19503,97.51499938964844,9061.0859375
2278,5.356778621673584,0,19503,97.51499938964844,9066.4423828125
2279,0.338894248008728,0,19503,97.51499938964844,9066.78125
2280,5.985299503663555e-05,0,19503,97.51499938964844,9066.78125
2281,4.206460475921631,0,19503,97.51499938964844,9070.9873046875
2282,0.5948618054389954,0,19503,97.51499938964844,9071.58203125
2283,4.519043445587158,0,19503,97.51499938964844,9076.1015625
2284,0.6953099370002747,0,19503,97.51499938964844,9076.796875
2285,3.7825746536254883,0,19503,97.51499938964844,9080.5791015625
2286,0.41264984011650085,0,19503,97.51499938964844,9080.9921875
2287,4.270930767059326,0,19503,97.51499938964844,9085.2626953125
2288,12.814291000366211,0,19503,97.51499938964844,9098.0771484375
2289,3.7093324661254883,0,19503,97.51499938964844,9101.7861328125
2290,17.189664840698242,0,19503,97.51499938964844,9118.9755859375
2291,1.4759670495986938,0,19503,97.51499938964844,9120.451171875
2292,4.564883708953857,0,19503,97.51499938964844,9125.015625
2293,4.632688522338867,0,19503,97.51499938964844,9129.6484375
2294,3.140354633331299,0,19503,97.51499938964844,9132.7890625
2295,2.195683479309082,0,19503,97.51499938964844,9134.984375
2296,0.0005781453801319003,0,19503,97.51499938964844,9134.9853515625
2297,2.7576098442077637,0,19503,97.51499938964844,9137.7431640625
2298,3.0765464305877686,0,19503,97.51499938964844,9140.8193359375
2299,1.5702998638153076,0,19503,97.51499938964844,9142.3896484375
2300,0.00013868069800082594,0,19503,97.51499938964844,9142.3896484375
2301,3.7142879962921143,0,19503,97.51499938964844,9146.103515625
2302,4.052445888519287,0,19503,97.51499938964844,9150.15625
2303,3.077753782272339,0,19503,97.51499938964844,9153.234375
2304,5.673397541046143,1,19504,97.5199966430664,9158.908203125
2305,2.895839214324951,0,19504,97.5199966430664,9161.8037109375
2306,4.079148769378662,0,19504,97.5199966430664,9165.8828125
2307,3.03889536857605,0,19504,97.5199966430664,9168.921875
2308,5.659427165985107,0,19504,97.5199966430664,9174.5810546875
2309,3.673095464706421,0,19504,97.5199966430664,9178.25390625
2310,2.9509150981903076,0,19504,97.5199966430664,9181.205078125
2311,1.1171711683273315,0,19504,97.5199966430664,9182.322265625
2312,0.00042309382115490735,0,19504,97.5199966430664,9182.322265625
2313,1.9414873123168945,0,19504,97.5199966430664,9184.263671875
2314,0.00010937451588688418,0,19504,97.5199966430664,9184.263671875
2315,0.13552194833755493,0,19504,97.5199966430664,9184.3994140625
2316,0.0001418590545654297,0,19504,97.5199966430664,9184.3994140625
2317,0.720683217048645,0,19504,97.5199966430664,9185.1201171875
2318,0.0003834565286524594,0,19504,97.5199966430664,9185.1201171875
2319,2.934283971786499,0,19504,97.5199966430664,9188.0546875
2320,0.0005064407596364617,0,19504,97.5199966430664,9188.0556640625
2321,2.074350118637085,0,19504,97.5199966430664,9190.1298828125
2322,6.760098457336426,0,19504,97.5199966430664,9196.8896484375
2323,0.7164238095283508,0,19504,97.5199966430664,9197.6064453125
2324,0.0007923452649265528,0,19504,97.5199966430664,9197.607421875
2325,1.6801680326461792,0,19504,97.5199966430664,9199.287109375
2326,3.8743019104003906e-05,0,19504,97.5199966430664,9199.287109375
2327,0.5914089679718018,0,19504,97.5199966430664,9199.87890625
2328,8.72214586706832e-05,0,19504,97.5199966430664,9199.87890625
2329,1.54972505569458,0,19504,97.5199966430664,9201.4287109375
2330,0.0009391704807057977,0,19504,97.5199966430664,9201.4296875
2331,2.285813093185425,0,19504,97.5199966430664,9203.7158203125
2332,17.67345428466797,2,19506,97.52999877929688,9221.3896484375
2333,0.0017895095515996218,0,19506,97.52999877929688,9221.3916015625
2334,1.1040721801691689e-05,0,19506,97.52999877929688,9221.3916015625
2335,0.12735114991664886,0,19506,97.52999877929688,9221.5185546875
2336,3.8030895666452125e-05,0,19506,97.52999877929688,9221.5185546875
2337,0.6958661079406738,0,19506,97.52999877929688,9222.21484375
2338,0.0002047702728305012,0,19506,97.52999877929688,9222.21484375
2339,0.5642760396003723,0,19506,97.52999877929688,9222.779296875
2340,0.00042447212035767734,0,19506,97.52999877929688,9222.779296875
2341,4.841450214385986,0,19506,97.52999877929688,9227.62109375
2342,16.088603973388672,0,19506,97.52999877929688,9243.7099609375
2343,1.1465834379196167,0,19506,97.52999877929688,9244.8564453125
2344,0.0002257043233839795,0,19506,97.52999877929688,9244.8564453125
2345,2.5427350997924805,0,19506,97.52999877929688,9247.3994140625
2346,14.718269348144531,0,19506,97.52999877929688,9262.1181640625
2347,3.4284276962280273,0,19506,97.52999877929688,9265.546875
2348,0.008580684661865234,0,19506,97.52999877929688,9265.5556640625
2349,3.9023396968841553,0,19506,97.52999877929688,9269.4580078125
2350,0.5720299482345581,0,19506,97.52999877929688,9270.0302734375
2351,4.355172634124756,0,19506,97.52999877929688,9274.3857421875
2352,1.1993972063064575,0,19506,97.52999877929688,9275.5849609375
2353,0.4670809507369995,0,19506,97.52999877929688,9276.0517578125
2354,0.0004708766646217555,0,19506,97.52999877929688,9276.0517578125
2355,2.243528127670288,0,19506,97.52999877929688,9278.294921875
2356,11.198673248291016,0,19506,97.52999877929688,9289.4931640625
2357,1.7660280466079712,0,19506,97.52999877929688,9291.2587890625
2358,0.00010967325943056494,0,19506,97.52999877929688,9291.2587890625
2359,1.0719666481018066,0,19506,97.52999877929688,9292.3310546875
2360,0.0005086262826807797,0,19506,97.52999877929688,9292.33203125
2361,2.835397481918335,0,19506,97.52999877929688,9295.1669921875
2362,12.854058265686035,0,19506,97.52999877929688,9308.021484375
2363,1.6565299034118652,0,19506,97.52999877929688,9309.677734375
2364,4.699136734008789,0,19506,97.52999877929688,9314.376953125
2365,1.5518447160720825,0,19506,97.52999877929688,9315.9287109375
2366,0.00010410944378236309,0,19506,97.52999877929688,9315.9287109375
2367,0.501519501209259,0,19506,97.52999877929688,9316.4306640625
2368,3.973642833443591e-06,0,19506,97.52999877929688,9316.4306640625
2369,3.702760696411133,0,19506,97.52999877929688,9320.1337890625
2370,3.97426438331604,2,19508,97.53999328613281,9324.1083984375
2371,3.506544589996338,0,19508,97.53999328613281,9327.615234375
2372,0.0029714901465922594,0,19508,97.53999328613281,9327.6181640625
2373,2.911311149597168,0,19508,97.53999328613281,9330.529296875
2374,0.00012954075646121055,0,19508,97.53999328613281,9330.529296875
2375,0.08741123974323273,0,19508,97.53999328613281,9330.6171875
2376,0.00010887781536439434,0,19508,97.53999328613281,9330.6171875
2377,0.7447456121444702,0,19508,97.53999328613281,9331.3623046875
2378,5.165735638001934e-05,0,19508,97.53999328613281,9331.3623046875
2379,0.3459714651107788,0,19508,97.53999328613281,9331.7080078125
2380,0.00012954075646121055,0,19508,97.53999328613281,9331.7080078125
2381,2.545649766921997,0,19508,97.53999328613281,9334.25390625
2382,2.918459892272949,4,19512,97.55999755859375,9337.1728515625
2383,1.4830468893051147,0,19512,97.55999755859375,9338.65625
2384,0.0013589859008789062,0,19512,97.55999755859375,9338.6572265625
2385,0.7862435579299927,0,19512,97.55999755859375,9339.443359375
2386,21.899208068847656,1,19513,97.56500244140625,9361.3427734375
2387,1.16347074508667,0,19513,97.56500244140625,9362.505859375
2388,0.0001724565663607791,0,19513,97.56500244140625,9362.505859375
2389,1.5644035339355469,0,19513,97.56500244140625,9364.0703125
2390,0.00018437702965456992,0,19513,97.56500244140625,9364.0703125
2391,4.0559868812561035,0,19513,97.56500244140625,9368.1259765625
2392,5.719707012176514,0,19513,97.56500244140625,9373.845703125
2393,1.3301444053649902,0,19513,97.56500244140625,9375.17578125
2394,0.000218825793126598,0,19513,97.56500244140625,9375.17578125
2395,1.5789940357208252,0,19513,97.56500244140625,9376.7548828125
2396,17.357080459594727,0,19513,97.56500244140625,9394.1123046875
2397,3.0711748600006104,0,19513,97.56500244140625,9397.18359375
2398,8.524256706237793,0,19513,97.56500244140625,9405.7080078125
2399,2.6102981567382812,0,19513,97.56500244140625,9408.318359375
2400,0.0004537906788755208,0,19513,97.56500244140625,9408.318359375
2401,2.6775736808776855,0,19513,97.56500244140625,9410.99609375
2402,0.0003075599670410156,0,19513,97.56500244140625,9410.99609375
2403,4.708082675933838,0,19513,97.56500244140625,9415.7041015625
2404,10.342732429504395,0,19513,97.56500244140625,9426.046875
2405,0.9241340756416321,0,19513,97.56500244140625,9426.970703125
2406,0.00015179524780251086,0,19513,97.56500244140625,9426.970703125
2407,0.5487931370735168,0,19513,97.56500244140625,9427.51953125
2408,2.781550028885249e-05,0,19513,97.56500244140625,9427.51953125
2409,4.632466793060303,0,19513,97.56500244140625,9432.15234375
2410,19.2092227935791,0,19513,97.56500244140625,9451.361328125
2411,1.2122583389282227,0,19513,97.56500244140625,9452.5732421875
2412,0.00042806085548363626,0,19513,97.56500244140625,9452.5732421875
2413,4.869633197784424,0,19513,97.56500244140625,9457.443359375
2414,6.675804138183594,0,19513,97.56500244140625,9464.119140625
2415,1.5912806987762451,0,19513,97.56500244140625,9465.7099609375
2416,14.699830055236816,0,19513,97.56500244140625,9480.41015625
2417,3.042616605758667,0,19513,97.56500244140625,9483.453125
2418,11.265705108642578,0,19513,97.56500244140625,9494.71875
2419,2.809847354888916,0,19513,97.56500244140625,9497.5283203125
2420,6.477022171020508,0,19513,97.56500244140625,9504.0048828125
2421,2.5814950466156006,0,19513,97.56500244140625,9506.5859375
2422,17.940065383911133,0,19513,97.56500244140625,9524.5263671875
2423,2.8531131744384766,0,19513,97.56500244140625,9527.3798828125
2424,1.459081768989563,0,19513,97.56500244140625,9528.8388671875
2425,3.721109628677368,0,19513,97.56500244140625,9532.5595703125
2426,0.0029834110755473375,0,19513,97.56500244140625,9532.5625
2427,4.034389019012451,0,19513,97.56500244140625,9536.5966796875
2428,17.098743438720703,0,19513,97.56500244140625,9553.6953125
2429,1.275030493736267,0,19513,97.56500244140625,9554.970703125
2430,8.098655234789476e-05,0,19513,97.56500244140625,9554.970703125
2431,3.182769298553467,0,19513,97.56500244140625,9558.1533203125
2432,14.960065841674805,0,19513,97.56500244140625,9573.11328125
2433,2.108492612838745,0,19513,97.56500244140625,9575.2216796875
2434,2.240856647491455,0,19513,97.56500244140625,9577.462890625
2435,1.9725703001022339,0,19513,97.56500244140625,9579.435546875
2436,8.316489219665527,1,19514,97.56999969482422,9587.751953125
2437,4.512029647827148,0,19514,97.56999969482422,9592.263671875
2438,5.430722236633301,0,19514,97.56999969482422,9597.6943359375
2439,0.7543051838874817,0,19514,97.56999969482422,9598.4482421875
2440,0.00010649362957337871,0,19514,97.56999969482422,9598.4482421875
2441,2.072206735610962,0,19514,97.56999969482422,9600.5205078125
2442,0.0005110104684717953,0,19514,97.56999969482422,9600.521484375
2443,3.111464500427246,0,19514,97.56999969482422,9603.6328125
2444,0.0004784266056958586,0,19514,97.56999969482422,9603.6328125
2445,0.9713970422744751,0,19514,97.56999969482422,9604.6044921875
2446,0.00012238819908816367,0,19514,97.56999969482422,9604.6044921875
2447,4.306849956512451,0,19514,97.56999969482422,9608.9111328125
2448,21.930904388427734,1,19515,97.57500457763672,9630.841796875
2449,0.5919443964958191,0,19515,97.57500457763672,9631.43359375
2450,0.0006810824852436781,0,19515,97.57500457763672,9631.4345703125
2451,2.201240062713623,0,19515,97.57500457763672,9633.6357421875
2452,6.353227615356445,1,19516,97.57999420166016,9639.9892578125
2453,3.4389803409576416,0,19516,97.57999420166016,9643.4287109375
2454,6.761134147644043,2,19518,97.58999633789062,9650.189453125
2455,0.41669729351997375,0,19518,97.58999633789062,9650.6064453125
2456,0.0029294246342033148,0,19518,97.58999633789062,9650.609375
2457,1.5766117572784424,0,19518,97.58999633789062,9652.185546875
2458,0.00016798854630906135,0,19518,97.58999633789062,9652.185546875
2459,2.054194211959839,0,19518,97.58999633789062,9654.2392578125
2460,0.000359820609446615,0,19518,97.58999633789062,9654.2392578125
2461,1.3406442403793335,0,19518,97.58999633789062,9655.580078125
2462,6.930856227874756,2,19520,97.5999984741211,9662.5107421875
2463,1.995645523071289,0,19520,97.5999984741211,9664.5068359375
2464,0.0005521376733668149,0,19520,97.5999984741211,9664.5078125
2465,4.801799774169922,0,19520,97.5999984741211,9669.3095703125
2466,13.136271476745605,0,19520,97.5999984741211,9682.4462890625
2467,1.4874014854431152,0,19520,97.5999984741211,9683.93359375
2468,0.00018914707470685244,0,19520,97.5999984741211,9683.93359375
2469,2.6549923419952393,0,19520,97.5999984741211,9686.5888671875
2470,0.0007494290475733578,0,19520,97.5999984741211,9686.58984375
2471,0.6378720998764038,0,19520,97.5999984741211,9687.2275390625
2472,0.00031153360032476485,0,19520,97.5999984741211,9687.2275390625
2473,1.7649136781692505,0,19520,97.5999984741211,9688.9921875
2474,0.0001247723848791793,0,19520,97.5999984741211,9688.9921875
2475,4.029901027679443,0,19520,97.5999984741211,9693.0224609375
2476,8.493281364440918,0,19520,97.5999984741211,9701.515625
2477,0.8537102341651917,0,19520,97.5999984741211,9702.369140625
2478,2.2254396753851324e-05,0,19520,97.5999984741211,9702.369140625
2479,3.608816385269165,0,19520,97.5999984741211,9705.9775390625
2480,5.965486526489258,0,19520,97.5999984741211,9711.943359375
2481,0.07125480473041534,0,19520,97.5999984741211,9712.0146484375
2482,0.00022053717111703008,0,19520,97.5999984741211,9712.0146484375
2483,1.3400648832321167,0,19520,97.5999984741211,9713.3544921875
2484,0.0022923946380615234,0,19520,97.5999984741211,9713.3564453125
2485,1.0289217233657837,0,19520,97.5999984741211,9714.3857421875
2486,10.061290740966797,0,19520,97.5999984741211,9724.447265625
2487,3.0465002059936523,0,19520,97.5999984741211,9727.494140625
2488,0.0020766258239746094,0,19520,97.5999984741211,9727.49609375
2489,1.5534005165100098,0,19520,97.5999984741211,9729.0498046875
2490,7.074923038482666,0,19520,97.5999984741211,9736.125
2491,2.75492525100708,0,19520,97.5999984741211,9738.8798828125
2492,0.0004323323373682797,0,19520,97.5999984741211,9738.8798828125
2493,0.039682257920503616,0,19520,97.5999984741211,9738.919921875
2494,0.0004553794569801539,0,19520,97.5999984741211,9738.919921875
2495,4.692625522613525,0,19520,97.5999984741211,9743.6123046875
2496,30.23089027404785,0,19520,97.5999984741211,9773.8427734375
2497,3.3037874698638916,0,19520,97.5999984741211,9777.146484375
2498,0.0010077160550281405,0,19520,97.5999984741211,9777.1474609375
2499,3.042490243911743,0,19520,97.5999984741211,9780.1904296875
2500,0.0002590815129224211,0,19520,97.5999984741211,9780.1904296875
2501,4.6291728019714355,0,19520,97.5999984741211,9784.8193359375
2502,21.013427734375,0,19520,97.5999984741211,9805.8330078125
2503,1.7970294952392578,0,19520,97.5999984741211,9807.6298828125
2504,0.00011595077376114205,0,19520,97.5999984741211,9807.6298828125
2505,1.6994880437850952,0,19520,97.5999984741211,9809.3291015625
2506,0.0019694631919264793,0,19520,97.5999984741211,9809.3310546875
2507,1.9042643308639526,0,19520,97.5999984741211,9811.2353515625
2508,6.992849375819787e-05,0,19520,97.5999984741211,9811.2353515625
2509,2.8090155124664307,0,19520,97.5999984741211,9814.0439453125
2510,0.026620125398039818,0,19520,97.5999984741211,9814.0703125
2511,4.096661567687988,0,19520,97.5999984741211,9818.1669921875
2512,6.797530174255371,0,19520,97.5999984741211,9824.96484375
2513,2.3088929653167725,0,19520,97.5999984741211,9827.2734375
2514,0.0008384386310353875,0,19520,97.5999984741211,9827.2744140625
2515,1.4909460544586182,0,19520,97.5999984741211,9828.765625
2516,17.95918083190918,0,19520,97.5999984741211,9846.724609375
2517,3.1056103706359863,0,19520,97.5999984741211,9849.830078125
2518,4.770712852478027,0,19520,97.5999984741211,9854.6005859375
2519,0.8775282502174377,0,19520,97.5999984741211,9855.478515625
2520,0.004127820022404194,0,19520,97.5999984741211,9855.482421875
2521,0.29699674248695374,0,19520,97.5999984741211,9855.779296875
2522,0.0012175241718068719,0,19520,97.5999984741211,9855.7802734375
2523,3.604031562805176,0,19520,97.5999984741211,9859.384765625
2524,0.00047683712909929454,0,19520,97.5999984741211,9859.384765625
2525,2.8419718742370605,0,19520,97.5999984741211,9862.2265625
2526,0.00036080676363781095,0,19520,97.5999984741211,9862.2265625
2527,2.583254337310791,0,19520,97.5999984741211,9864.8095703125
2528,0.00034173327730968595,0,19520,97.5999984741211,9864.8095703125
2529,3.6716158390045166,0,19520,97.5999984741211,9868.4814453125
2530,12.340819358825684,0,19520,97.5999984741211,9880.822265625
2531,3.043195962905884,0,19520,97.5999984741211,9883.865234375
2532,16.347681045532227,0,19520,97.5999984741211,9900.212890625
2533,4.0102858543396,0,19520,97.5999984741211,9904.2236328125
2534,5.747457981109619,0,19520,97.5999984741211,9909.970703125
2535,2.309608221054077,0,19520,97.5999984741211,9912.2802734375
2536,0.0028953086584806442,0,19520,97.5999984741211,9912.283203125
2537,1.1645278930664062,0,19520,97.5999984741211,9913.447265625
2538,0.00029488702421076596,0,19520,97.5999984741211,9913.447265625
2539,1.488332748413086,0,19520,97.5999984741211,9914.935546875
2540,6.882504463195801,0,19520,97.5999984741211,9921.818359375
2541,2.605109930038452,0,19520,97.5999984741211,9924.423828125
2542,12.502503395080566,0,19520,97.5999984741211,9936.9267578125
2543,0.61359041929245,0,19520,97.5999984741211,9937.5400390625
2544,2.8610227673198096e-05,0,19520,97.5999984741211,9937.5400390625
2545,3.57881498336792,0,19520,97.5999984741211,9941.119140625
2546,10.417963981628418,0,19520,97.5999984741211,9951.537109375
2547,2.0306355953216553,0,19520,97.5999984741211,9953.5673828125
2548,6.821662902832031,0,19520,97.5999984741211,9960.388671875
2549,4.640073299407959,0,19520,97.5999984741211,9965.0283203125
2550,6.539155006408691,0,19520,97.5999984741211,9971.5673828125
2551,1.644608974456787,0,19520,97.5999984741211,9973.2119140625
2552,0.0001870099949883297,0,19520,97.5999984741211,9973.2119140625
2553,1.2015186548233032,0,19520,97.5999984741211,9974.4130859375
2554,8.309880649903789e-05,0,19520,97.5999984741211,9974.4130859375
2555,4.764386177062988,0,19520,97.5999984741211,9979.177734375
2556,6.131908416748047,0,19520,97.5999984741211,9985.3095703125
2557,4.265523433685303,0,19520,97.5999984741211,9989.5751953125
2558,12.36223030090332,0,19520,97.5999984741211,10001.9375
2559,4.2512125968933105,0,19520,97.5999984741211,10006.1884765625
2560,20.639144897460938,0,19520,97.5999984741211,10026.8271484375
2561,0.5343567728996277,0,19520,97.5999984741211,10027.361328125
2562,2.2478317987406626e-05,0,19520,97.5999984741211,10027.361328125
2563,3.174337148666382,0,19520,97.5999984741211,10030.5361328125
2564,2.6538360118865967,0,19520,97.5999984741211,10033.1904296875
2565,1.3917322158813477,0,19520,97.5999984741211,10034.58203125
2566,0.0015866755275055766,0,19520,97.5999984741211,10034.583984375
2567,3.6884818077087402,0,19520,97.5999984741211,10038.2724609375
2568,0.0004700826248154044,0,19520,97.5999984741211,10038.2724609375
2569,0.25030744075775146,0,19520,97.5999984741211,10038.5224609375
2570,0.000671546149533242,0,19520,97.5999984741211,10038.5234375
2571,3.577195405960083,0,19520,97.5999984741211,10042.1005859375
2572,11.917859077453613,0,19520,97.5999984741211,10054.0185546875
2573,1.9662535190582275,0,19520,97.5999984741211,10055.984375
2574,16.22982406616211,2,19522,97.61000061035156,10072.2138671875
2575,1.0574578046798706,0,19522,97.61000061035156,10073.271484375
2576,3.735224163392559e-05,0,19522,97.61000061035156,10073.271484375
2577,3.9411184787750244,0,19522,97.61000061035156,10077.212890625
2578,16.24726104736328,1,19523,97.61499786376953,10093.4599609375
2579,0.6467210054397583,0,19523,97.61499786376953,10094.1064453125
2580,0.0011274650460109115,0,19523,97.61499786376953,10094.107421875
2581,1.348955512046814,0,19523,97.61499786376953,10095.4560546875
2582,0.00015446463658008724,0,19523,97.61499786376953,10095.4560546875
2583,0.4158017933368683,0,19523,97.61499786376953,10095.8720703125
2584,0.0002780489157885313,0,19523,97.61499786376953,10095.8720703125
2585,0.20071876049041748,0,19523,97.61499786376953,10096.0732421875
2586,0.00021317815117072314,0,19523,97.61499786376953,10096.0732421875
2587,2.78780460357666,0,19523,97.61499786376953,10098.861328125
2588,0.0008151410147547722,0,19523,97.61499786376953,10098.8623046875
2589,1.8031907081604004,0,19523,97.61499786376953,10100.6650390625
2590,1.6618487279629335e-05,0,19523,97.61499786376953,10100.6650390625
2591,0.7071875333786011,0,19523,97.61499786376953,10101.3720703125
2592,0.00013885166845284402,0,19523,97.61499786376953,10101.3720703125
2593,4.4118146896362305,0,19523,97.61499786376953,10105.7841796875
2594,16.93444061279297,0,19523,97.61499786376953,10122.71875
2595,3.7918765544891357,0,19523,97.61499786376953,10126.5107421875
2596,21.832683563232422,0,19523,97.61499786376953,10148.34375
2597,0.7084093689918518,0,19523,97.61499786376953,10149.0517578125
2598,0.0004736608825623989,0,19523,97.61499786376953,10149.0517578125
2599,2.015009880065918,0,19523,97.61499786376953,10151.06640625
2600,9.186272621154785,0,19523,97.61499786376953,10160.2529296875
2601,1.7910144329071045,0,19523,97.61499786376953,10162.0439453125
2602,0.00016927806427702308,0,19523,97.61499786376953,10162.0439453125
2603,0.32743433117866516,0,19523,97.61499786376953,10162.37109375
2604,0.00026702880859375,0,19523,97.61499786376953,10162.37109375
2605,0.439787894487381,0,19523,97.61499786376953,10162.810546875
2606,0.00046809512423351407,0,19523,97.61499786376953,10162.810546875
2607,3.980093002319336,0,19523,97.61499786376953,10166.791015625
2608,19.95706558227539,1,19524,97.6199951171875,10186.748046875
2609,1.6282533407211304,0,19524,97.6199951171875,10188.3759765625
2610,0.0013852119445800781,0,19524,97.6199951171875,10188.376953125
2611,1.408186912536621,0,19524,97.6199951171875,10189.78515625
2612,0.00016113121819216758,0,19524,97.6199951171875,10189.78515625
2613,1.625807285308838,0,19524,97.6199951171875,10191.4111328125
2614,0.0033318994101136923,0,19524,97.6199951171875,10191.4140625
2615,0.9942281246185303,0,19524,97.6199951171875,10192.408203125
2616,8.420472145080566,0,19524,97.6199951171875,10200.8291015625
2617,4.912555694580078,0,19524,97.6199951171875,10205.7412109375
2618,9.319408416748047,0,19524,97.6199951171875,10215.060546875
2619,3.9797041416168213,0,19524,97.6199951171875,10219.0400390625
2620,33.74091720581055,0,19524,97.6199951171875,10252.78125
2621,0.06042364612221718,0,19524,97.6199951171875,10252.841796875
2622,0.000610353599768132,0,19524,97.6199951171875,10252.8427734375
2623,1.1305510997772217,0,19524,97.6199951171875,10253.9736328125
2624,0.00012636184692382812,0,19524,97.6199951171875,10253.9736328125
2625,0.8498417139053345,0,19524,97.6199951171875,10254.8232421875
2626,0.0004172324843239039,0,19524,97.6199951171875,10254.8232421875
2627,4.569385051727295,0,19524,97.6199951171875,10259.392578125
2628,17.471378326416016,0,19524,97.6199951171875,10276.8642578125
2629,3.650162935256958,0,19524,97.6199951171875,10280.5146484375
2630,0.0014805797254666686,0,19524,97.6199951171875,10280.5166015625
2631,0.16673439741134644,0,19524,97.6199951171875,10280.68359375
2632,0.0028267502784729004,0,19524,97.6199951171875,10280.6865234375
2633,0.6260645985603333,0,19524,97.6199951171875,10281.3125
2634,0.0005948543548583984,0,19524,97.6199951171875,10281.3134765625
2635,1.7671079635620117,0,19524,97.6199951171875,10283.0810546875
2636,17.144121170043945,0,19524,97.6199951171875,10300.2255859375
2637,4.986074924468994,0,19524,97.6199951171875,10305.2119140625
2638,17.3678035736084,0,19524,97.6199951171875,10322.580078125
2639,4.163136005401611,0,19524,97.6199951171875,10326.7431640625
2640,13.724029541015625,0,19524,97.6199951171875,10340.466796875
2641,0.6521521210670471,0,19524,97.6199951171875,10341.119140625
2642,0.00039220176404342055,0,19524,97.6199951171875,10341.119140625
2643,4.831164836883545,0,19524,97.6199951171875,10345.9501953125
2644,4.764640808105469,0,19524,97.6199951171875,10350.71484375
2645,2.1093127727508545,0,19524,97.6199951171875,10352.82421875
2646,0.0002956391836050898,0,19524,97.6199951171875,10352.82421875
2647,2.206728458404541,0,19524,97.6199951171875,10355.03125
2648,0.0002598762512207031,0,19524,97.6199951171875,10355.03125
2649,2.915377378463745,0,19524,97.6199951171875,10357.9462890625
2650,0.0007859865436330438,0,19524,97.6199951171875,10357.947265625
2651,3.816183567047119,0,19524,97.6199951171875,10361.763671875
2652,0.0009338060626760125,0,19524,97.6199951171875,10361.7646484375
2653,0.26409873366355896,0,19524,97.6199951171875,10362.0283203125
2654,0.0005976358661428094,0,19524,97.6199951171875,10362.029296875
2655,2.318826675415039,0,19524,97.6199951171875,10364.34765625
2656,0.00013907749962527305,0,19524,97.6199951171875,10364.34765625
2657,0.5651260614395142,0,19524,97.6199951171875,10364.9130859375
2658,0.0003107388620264828,0,19524,97.6199951171875,10364.9130859375
2659,3.0701396465301514,0,19524,97.6199951171875,10367.9833984375
2660,6.037198066711426,0,19524,97.6199951171875,10374.0205078125
2661,4.983325481414795,0,19524,97.6199951171875,10379.00390625
2662,6.00636625289917,0,19524,97.6199951171875,10385.0107421875
2663,0.6101320385932922,0,19524,97.6199951171875,10385.62109375
2664,0.0003687541757244617,0,19524,97.6199951171875,10385.62109375
2665,3.5472283363342285,0,19524,97.6199951171875,10389.16796875
2666,0.001858870149590075,0,19524,97.6199951171875,10389.169921875
2667,1.1115119457244873,0,19524,97.6199951171875,10390.28125
2668,3.0236337184906006,0,19524,97.6199951171875,10393.3046875
2669,2.241403818130493,0,19524,97.6199951171875,10395.5458984375
2670,11.562634468078613,0,19524,97.6199951171875,10407.1083984375
2671,4.697896957397461,0,19524,97.6199951171875,10411.806640625
2672,12.510127067565918,0,19524,97.6199951171875,10424.31640625
2673,4.959775924682617,0,19524,97.6199951171875,10429.2763671875
2674,12.568218231201172,0,19524,97.6199951171875,10441.8447265625
2675,2.5123367309570312,0,19524,97.6199951171875,10444.357421875
2676,14.922994613647461,0,19524,97.6199951171875,10459.2802734375
2677,3.5676324367523193,0,19524,97.6199951171875,10462.84765625
2678,6.833138942718506,0,19524,97.6199951171875,10469.6806640625
2679,4.7258100509643555,0,19524,97.6199951171875,10474.40625
2680,8.122332572937012,0,19524,97.6199951171875,10482.5283203125
2681,0.5560061931610107,0,19524,97.6199951171875,10483.083984375
2682,0.0009115537395700812,0,19524,97.6199951171875,10483.0849609375
2683,3.6888015270233154,0,19524,97.6199951171875,10486.7734375
2684,20.593902587890625,0,19524,97.6199951171875,10507.3671875
2685,1.3564907312393188,0,19524,97.6199951171875,10508.7236328125
2686,0.000997384311631322,0,19524,97.6199951171875,10508.724609375
2687,0.43463945388793945,0,19524,97.6199951171875,10509.1591796875
2688,0.0004919369821436703,0,19524,97.6199951171875,10509.16015625
2689,1.0960723161697388,0,19524,97.6199951171875,10510.255859375
2690,9.814897930482402e-05,0,19524,97.6199951171875,10510.255859375
2691,2.1803829669952393,0,19524,97.6199951171875,10512.4365234375
2692,3.2271862030029297,0,19524,97.6199951171875,10515.6640625
2693,3.667604684829712,0,19524,97.6199951171875,10519.33203125
2694,0.3470374047756195,0,19524,97.6199951171875,10519.6787109375
2695,1.2246798276901245,0,19524,97.6199951171875,10520.9033203125
2696,4.06801700592041e-05,0,19524,97.6199951171875,10520.9033203125
2697,0.957833468914032,0,19524,97.6199951171875,10521.861328125
2698,0.00017335017037112266,0,19524,97.6199951171875,10521.861328125
2699,4.003026008605957,0,19524,97.6199951171875,10525.8642578125
2700,12.465779304504395,1,19525,97.625,10538.330078125
2701,3.2552618980407715,0,19525,97.625,10541.5849609375
2702,9.18370246887207,0,19525,97.625,10550.7685546875
2703,1.5584981441497803,0,19525,97.625,10552.3271484375
2704,0.0002551128272898495,0,19525,97.625,10552.3271484375
2705,0.656521201133728,0,19525,97.625,10552.9833984375
2706,8.106231689453125e-05,0,19525,97.625,10552.9833984375
2707,0.8459663391113281,0,19525,97.625,10553.8291015625
2708,0.00010053316509583965,0,19525,97.625,10553.8291015625
2709,2.896967887878418,0,19525,97.625,10556.7255859375
2710,3.1588287353515625,1,19526,97.62999725341797,10559.884765625
2711,1.3693846464157104,0,19526,97.62999725341797,10561.25390625
2712,0.00010967325943056494,0,19526,97.62999725341797,10561.25390625
2713,3.122368812561035,0,19526,97.62999725341797,10564.3759765625
2714,17.414987564086914,0,19526,97.62999725341797,10581.791015625
2715,2.7648589611053467,0,19526,97.62999725341797,10584.5556640625
2716,11.384977340698242,0,19526,97.62999725341797,10595.9404296875
2717,4.664667129516602,0,19526,97.62999725341797,10600.60546875
2718,19.00725746154785,0,19526,97.62999725341797,10619.6123046875
2719,3.473987340927124,0,19526,97.62999725341797,10623.0859375
2720,2.685739755630493,0,19526,97.62999725341797,10625.771484375
2721,2.718759536743164,0,19526,97.62999725341797,10628.490234375
2722,15.063617706298828,0,19526,97.62999725341797,10643.5537109375
2723,0.648245632648468,0,19526,97.62999725341797,10644.2021484375
2724,0.0008249290403909981,0,19526,97.62999725341797,10644.203125
2725,1.5611778497695923,0,19526,97.62999725341797,10645.7646484375
2726,6.914140249136835e-05,0,19526,97.62999725341797,10645.7646484375
2727,4.973860263824463,0,19526,97.62999725341797,10650.73828125
2728,12.554495811462402,0,19526,97.62999725341797,10663.29296875
2729,1.2392163276672363,0,19526,97.62999725341797,10664.5322265625
2730,0.00048518439871259034,0,19526,97.62999725341797,10664.5322265625
2731,3.5905966758728027,0,19526,97.62999725341797,10668.123046875
2732,12.373562812805176,0,19526,97.62999725341797,10680.4970703125
2733,2.16266131401062,0,19526,97.62999725341797,10682.66015625
2734,0.0025578353088349104,0,19526,97.62999725341797,10682.6630859375
2735,0.9830759167671204,0,19526,97.62999725341797,10683.646484375
2736,0.00035921731614507735,0,19526,97.62999725341797,10683.646484375
2737,3.690748691558838,0,19526,97.62999725341797,10687.3369140625
2738,0.004477103240787983,0,19526,97.62999725341797,10687.341796875
2739,2.5504541397094727,0,19526,97.62999725341797,10689.892578125
2740,12.343870162963867,0,19526,97.62999725341797,10702.236328125
2741,2.8805813789367676,0,19526,97.62999725341797,10705.1171875
2742,9.061826705932617,0,19526,97.62999725341797,10714.1787109375
2743,2.4008750915527344,0,19526,97.62999725341797,10716.5791015625
2744,16.884838104248047,0,19526,97.62999725341797,10733.4638671875
2745,4.995141983032227,0,19526,97.62999725341797,10738.458984375
2746,16.658859252929688,0,19526,97.62999725341797,10755.1181640625
2747,3.1801769733428955,0,19526,97.62999725341797,10758.298828125
2748,12.596083641052246,0,19526,97.62999725341797,10770.89453125
2749,1.3232147693634033,0,19526,97.62999725341797,10772.2177734375
2750,0.0002415976778138429,0,19526,97.62999725341797,10772.2177734375
2751,1.4395184516906738,0,19526,97.62999725341797,10773.6572265625
2752,9.536742436466739e-05,0,19526,97.62999725341797,10773.6572265625
2753,0.6830728054046631,0,19526,97.62999725341797,10774.33984375
2754,5.086262899567373e-05,0,19526,97.62999725341797,10774.33984375
2755,3.611464023590088,0,19526,97.62999725341797,10777.951171875
2756,8.219100952148438,0,19526,97.62999725341797,10786.169921875
2757,2.1362338066101074,0,19526,97.62999725341797,10788.306640625
2758,0.0003401439462322742,0,19526,97.62999725341797,10788.306640625
2759,4.740391731262207,0,19526,97.62999725341797,10793.046875
2760,9.847732543945312,0,19526,97.62999725341797,10802.89453125
2761,0.6533921957015991,0,19526,97.62999725341797,10803.5478515625
2762,0.0005463758716359735,0,19526,97.62999725341797,10803.548828125
2763,1.1622166633605957,0,19526,97.62999725341797,10804.7109375
2764,6.782531261444092,0,19526,97.62999725341797,10811.4931640625
2765,3.618134021759033,0,19526,97.62999725341797,10815.111328125
2766,15.934436798095703,0,19526,97.62999725341797,10831.0458984375
2767,2.869361400604248,0,19526,97.62999725341797,10833.9150390625
2768,7.133869647979736,2,19528,97.63999938964844,10841.048828125
2769,3.7950310707092285,0,19528,97.63999938964844,10844.84375
2770,15.860389709472656,0,19528,97.63999938964844,10860.7041015625
2771,2.8282673358917236,0,19528,97.63999938964844,10863.5322265625
2772,9.213798522949219,0,19528,97.63999938964844,10872.74609375
2773,3.207043170928955,0,19528,97.63999938964844,10875.953125
2774,0.45558252930641174,0,19528,97.63999938964844,10876.4091796875
2775,2.9478609561920166,0,19528,97.63999938964844,10879.357421875
2776,0.0028292336501181126,0,19528,97.63999938964844,10879.3603515625
2777,1.4733445644378662,0,19528,97.63999938964844,10880.833984375
2778,0.25241097807884216,0,19528,97.63999938964844,10881.0859375
2779,2.835503578186035,0,19528,97.63999938964844,10883.921875
2780,14.479822158813477,0,19528,97.63999938964844,10898.4013671875
2781,0.726537823677063,0,19528,97.63999938964844,10899.1279296875
2782,0.0005288919783197343,0,19528,97.63999938964844,10899.12890625
2783,2.9988749027252197,0,19528,97.63999938964844,10902.1279296875
2784,0.00040014582918956876,0,19528,97.63999938964844,10902.1279296875
2785,1.0260522365570068,0,19528,97.63999938964844,10903.154296875
2786,7.867813110351562e-05,0,19528,97.63999938964844,10903.154296875
2787,3.221144437789917,0,19528,97.63999938964844,10906.375
2788,10.030828475952148,0,19528,97.63999938964844,10916.40625
2789,0.4168437719345093,0,19528,97.63999938964844,10916.8232421875
2790,0.00015100679593160748,0,19528,97.63999938964844,10916.8232421875
2791,0.11853224039077759,0,19528,97.63999938964844,10916.94140625
2792,0.0001811981201171875,0,19528,97.63999938964844,10916.94140625
2793,2.387885808944702,0,19528,97.63999938964844,10919.3291015625
2794,0.0005229313974268734,0,19528,97.63999938964844,10919.330078125
2795,1.022645115852356,0,19528,97.63999938964844,10920.3525390625
2796,0.0001255671086255461,0,19528,97.63999938964844,10920.3525390625
2797,3.3690667152404785,0,19528,97.63999938964844,10923.7216796875
2798,10.291314125061035,0,19528,97.63999938964844,10934.0126953125
2799,1.4691197872161865,0,19528,97.63999938964844,10935.4814453125
2800,11.271065711975098,0,19528,97.63999938964844,10946.7529296875
2801,4.943587779998779,0,19528,97.63999938964844,10951.6962890625
2802,9.947916984558105,0,19528,97.63999938964844,10961.64453125
2803,4.687870025634766,0,19528,97.63999938964844,10966.33203125
2804,9.566226959228516,0,19528,97.63999938964844,10975.8984375
2805,0.22292599081993103,0,19528,97.63999938964844,10976.12109375
2806,8.137585973599926e-05,0,19528,97.63999938964844,10976.12109375
2807,3.2083568572998047,0,19528,97.63999938964844,10979.3291015625
2808,21.394176483154297,0,19528,97.63999938964844,11000.7236328125
2809,3.275068759918213,0,19528,97.63999938964844,11003.9990234375
2810,10.328204154968262,3,19531,97.65499877929688,11014.3271484375
2811,3.8520238399505615,0,19531,97.65499877929688,11018.1787109375
2812,15.671945571899414,0,19531,97.65499877929688,11033.8505859375
2813,0.8362674713134766,0,19531,97.65499877929688,11034.6865234375
2814,0.00018281520169693977,0,19531,97.65499877929688,11034.6865234375
2815,4.816883563995361,0,19531,97.65499877929688,11039.5029296875
2816,24.075477600097656,1,19532,97.65999603271484,11063.578125
2817,1.8939886093139648,0,19532,97.65999603271484,11065.4716796875
2818,0.000348886736901477,0,19532,97.65999603271484,11065.4716796875
2819,4.179073333740234,0,19532,97.65999603271484,11069.650390625
2820,16.817466735839844,0,19532,97.65999603271484,11086.4677734375
2821,3.6505091190338135,0,19532,97.65999603271484,11090.1181640625
2822,14.943953514099121,0,19532,97.65999603271484,11105.0625
2823,1.8699402809143066,0,19532,97.65999603271484,11106.9326171875
2824,0.0002176728012273088,0,19532,97.65999603271484,11106.9326171875
2825,3.1827170848846436,0,19532,97.65999603271484,11110.115234375
2826,14.620970726013184,1,19533,97.66500091552734,11124.736328125
2827,2.486574411392212,0,19533,97.66500091552734,11127.22265625
2828,5.55512809753418,0,19533,97.66500091552734,11132.77734375
2829,0.8399523496627808,0,19533,97.66500091552734,11133.6171875
2830,1.0331471457902808e-05,0,19533,97.66500091552734,11133.6171875
2831,3.6074326038360596,0,19533,97.66500091552734,11137.224609375
2832,3.7417497634887695,0,19533,97.66500091552734,11140.966796875
2833,0.08372294157743454,0,19533,97.66500091552734,11141.05078125
2834,0.00023444493126589805,0,19533,97.66500091552734,11141.05078125
2835,2.897038221359253,0,19533,97.66500091552734,11143.9482421875
2836,16.247882843017578,0,19533,97.66500091552734,11160.1962890625
2837,2.9436776638031006,0,19533,97.66500091552734,11163.1396484375
2838,6.787553310394287,0,19533,97.66500091552734,11169.9267578125
2839,1.3556779623031616,0,19533,97.66500091552734,11171.2822265625
2840,0.0024374325294047594,0,19533,97.66500091552734,11171.2841796875
2841,2.046459674835205,0,19533,97.66500091552734,11173.3310546875
2842,5.806528568267822,0,19533,97.66500091552734,11179.1376953125
2843,4.367276191711426,0,19533,97.66500091552734,11183.5048828125
2844,7.7559356689453125,0,19533,97.66500091552734,11191.2607421875
2845,4.135624885559082,0,19533,97.66500091552734,11195.396484375
2846,5.7889556884765625,0,19533,97.66500091552734,11201.185546875
2847,0.02390604093670845,0,19533,97.66500091552734,11201.208984375
2848,7.629808533238247e-05,0,19533,97.66500091552734,11201.208984375
2849,2.3677167892456055,0,19533,97.66500091552734,11203.5771484375
2850,21.3758487701416,0,19533,97.66500091552734,11224.953125
2851,1.3893271684646606,0,19533,97.66500091552734,11226.3427734375
2852,0.0015546028735116124,0,19533,97.66500091552734,11226.3447265625
2853,2.6016924381256104,0,19533,97.66500091552734,11228.9462890625
2854,9.4328832346946e-05,0,19533,97.66500091552734,11228.9462890625
2855,3.214390993118286,0,19533,97.66500091552734,11232.1611328125
2856,9.463254928588867,0,19533,97.66500091552734,11241.6240234375
2857,0.9627329707145691,0,19533,97.66500091552734,11242.5869140625
2858,0.0003274281625635922,0,19533,97.66500091552734,11242.5869140625
2859,1.137000322341919,0,19533,97.66500091552734,11243.7236328125
2860,0.004170735366642475,0,19533,97.66500091552734,11243.7275390625
2861,0.009419969283044338,0,19533,97.66500091552734,11243.7373046875
2862,0.003881454234942794,0,19533,97.66500091552734,11243.7412109375
2863,3.11689829826355,0,19533,97.66500091552734,11246.8583984375
2864,0.00017007191490847617,0,19533,97.66500091552734,11246.8583984375
2865,0.7198977470397949,0,19533,97.66500091552734,11247.578125
2866,6.357828624459216e-06,0,19533,97.66500091552734,11247.578125
2867,0.5038034915924072,0,19533,97.66500091552734,11248.08203125
2868,0.00010172525799134746,0,19533,97.66500091552734,11248.08203125
2869,1.2664661407470703,0,19533,97.66500091552734,11249.3486328125
2870,0.0001827875676099211,0,19533,97.66500091552734,11249.3486328125
2871,1.474701166152954,0,19533,97.66500091552734,11250.8232421875
2872,0.00015099842858035117,0,19533,97.66500091552734,11250.8232421875
2873,2.5957283973693848,0,19533,97.66500091552734,11253.4189453125
2874,0.0008694330463185906,0,19533,97.66500091552734,11253.419921875
2875,4.979697227478027,0,19533,97.66500091552734,11258.3994140625
2876,1.802924394607544,0,19533,97.66500091552734,11260.2021484375
2877,1.2107264995574951,0,19533,97.66500091552734,11261.4130859375
2878,0.00013391175889410079,0,19533,97.66500091552734,11261.4130859375
2879,4.88455057144165,0,19533,97.66500091552734,11266.2978515625
2880,17.630897521972656,0,19533,97.66500091552734,11283.9287109375
2881,1.9362273216247559,0,19533,97.66500091552734,11285.865234375
2882,0.0008663624175824225,0,19533,97.66500091552734,11285.8662109375
2883,2.461063861846924,0,19533,97.66500091552734,11288.3271484375
2884,0.00011886829452123493,0,19533,97.66500091552734,11288.3271484375
2885,3.90108323097229,0,19533,97.66500091552734,11292.228515625
2886,9.715673446655273,0,19533,97.66500091552734,11301.9443359375
2887,3.0663487911224365,0,19533,97.66500091552734,11305.0107421875
2888,0.0005499521503224969,0,19533,97.66500091552734,11305.01171875
2889,1.483527660369873,0,19533,97.66500091552734,11306.4951171875
2890,9.152002334594727,0,19533,97.66500091552734,11315.6474609375
2891,0.032381925731897354,0,19533,97.66500091552734,11315.6796875
2892,2.873756966437213e-05,0,19533,97.66500091552734,11315.6796875
2893,4.830777168273926,0,19533,97.66500091552734,11320.5107421875
2894,11.650524139404297,0,19533,97.66500091552734,11332.1611328125
2895,0.05858898162841797,0,19533,97.66500091552734,11332.2197265625
2896,0.0009497007122263312,0,19533,97.66500091552734,11332.220703125
2897,4.326207160949707,0,19533,97.66500091552734,11336.546875
2898,12.872156143188477,0,19533,97.66500091552734,11349.4189453125
2899,1.4422357082366943,0,19533,97.66500091552734,11350.861328125
2900,0.00016857392620295286,0,19533,97.66500091552734,11350.861328125
2901,3.50130295753479,0,19533,97.66500091552734,11354.3623046875
2902,11.43441390991211,0,19533,97.66500091552734,11365.796875
2903,3.186002254486084,0,19533,97.66500091552734,11368.982421875
2904,0.8584295511245728,0,19533,97.66500091552734,11369.8408203125
2905,4.392680644989014,0,19533,97.66500091552734,11374.2333984375
2906,1.3385989665985107,0,19533,97.66500091552734,11375.572265625
2907,1.2330578565597534,0,19533,97.66500091552734,11376.8056640625
2908,8.980432903626934e-05,0,19533,97.66500091552734,11376.8056640625
2909,3.3896429538726807,0,19533,97.66500091552734,11380.1953125
2910,12.295832633972168,0,19533,97.66500091552734,11392.4912109375
2911,1.3937065601348877,0,19533,97.66500091552734,11393.884765625
2912,1.5080243429110851e-05,0,19533,97.66500091552734,11393.884765625
2913,0.3326032757759094,0,19533,97.66500091552734,11394.2177734375
2914,8.653558325022459e-05,0,19533,97.66500091552734,11394.2177734375
2915,4.768575191497803,0,19533,97.66500091552734,11398.986328125
2916,2.633540630340576,0,19533,97.66500091552734,11401.6201171875
2917,4.509815692901611,0,19533,97.66500091552734,11406.1298828125
2918,4.3457770347595215,0,19533,97.66500091552734,11410.4755859375
2919,2.900630235671997,0,19533,97.66500091552734,11413.3759765625
2920,5.683739185333252,0,19533,97.66500091552734,11419.0595703125
2921,1.5484857559204102,0,19533,97.66500091552734,11420.6083984375
2922,0.0004150469903834164,0,19533,97.66500091552734,11420.6083984375
2923,0.8628035187721252,0,19533,97.66500091552734,11421.4716796875
2924,0.00012238819908816367,0,19533,97.66500091552734,11421.4716796875
2925,4.6689910888671875,0,19533,97.66500091552734,11426.140625
2926,5.725118160247803,0,19533,97.66500091552734,11431.8662109375
2927,0.6255185604095459,0,19533,97.66500091552734,11432.4921875
2928,0.00019888202950824052,0,19533,97.66500091552734,11432.4921875
2929,2.312140464782715,0,19533,97.66500091552734,11434.8046875
2930,0.0004341204767115414,0,19533,97.66500091552734,11434.8046875
2931,1.6953670978546143,0,19533,97.66500091552734,11436.5
2932,5.006792343920097e-05,0,19533,97.66500091552734,11436.5
2933,3.8914175033569336,0,19533,97.66500091552734,11440.3916015625
2934,5.7903642654418945,0,19533,97.66500091552734,11446.181640625
2935,3.0233914852142334,0,19533,97.66500091552734,11449.205078125
2936,0.00040014582918956876,0,19533,97.66500091552734,11449.205078125
2937,2.849414110183716,0,19533,97.66500091552734,11452.0546875
2938,0.0004327296919655055,0,19533,97.66500091552734,11452.0546875
2939,4.69725227355957,0,19533,97.66500091552734,11456.751953125
2940,7.465380668640137,0,19533,97.66500091552734,11464.2177734375
2941,2.5431532859802246,0,19533,97.66500091552734,11466.7607421875
2942,16.083040237426758,0,19533,97.66500091552734,11482.84375
2943,1.4413686990737915,0,19533,97.66500091552734,11484.28515625
2944,7.073530287016183e-05,0,19533,97.66500091552734,11484.28515625
2945,3.8284082412719727,0,19533,97.66500091552734,11488.11328125
2946,3.804889678955078,0,19533,97.66500091552734,11491.91796875
2947,1.865777850151062,0,19533,97.66500091552734,11493.7841796875
2948,17.21339225769043,0,19533,97.66500091552734,11510.998046875
2949,2.177645683288574,0,19533,97.66500091552734,11513.17578125
2950,0.0007247928879223764,0,19533,97.66500091552734,11513.1767578125
2951,3.375643253326416,0,19533,97.66500091552734,11516.552734375
2952,19.137392044067383,0,19533,97.66500091552734,11535.6904296875
2953,3.8973331451416016,0,19533,97.66500091552734,11539.587890625
2954,14.673584938049316,0,19533,97.66500091552734,11554.26171875
2955,1.1258671283721924,0,19533,97.66500091552734,11555.3876953125
2956,4.553734470391646e-05,0,19533,97.66500091552734,11555.3876953125
2957,3.028026580810547,0,19533,97.66500091552734,11558.416015625
2958,4.9689040184021,0,19533,97.66500091552734,11563.384765625
2959,1.2878119945526123,0,19533,97.66500091552734,11564.6728515625
2960,0.000526905176229775,0,19533,97.66500091552734,11564.673828125
2961,3.374025344848633,0,19533,97.66500091552734,11568.0478515625
2962,19.00160789489746,0,19533,97.66500091552734,11587.0498046875
2963,0.33999088406562805,0,19533,97.66500091552734,11587.3896484375
2964,7.788745278958231e-05,0,19533,97.66500091552734,11587.3896484375
2965,4.247054576873779,0,19533,97.66500091552734,11591.63671875
2966,27.766578674316406,0,19533,97.66500091552734,11619.4033203125
2967,2.048194646835327,0,19533,97.66500091552734,11621.451171875
2968,0.00014941742119845003,0,19533,97.66500091552734,11621.451171875
2969,3.3693535327911377,0,19533,97.66500091552734,11624.8203125
2970,16.821311950683594,0,19533,97.66500091552734,11641.6416015625
2971,0.7791720032691956,0,19533,97.66500091552734,11642.4208984375
2972,0.0021602115593850613,0,19533,97.66500091552734,11642.4228515625
2973,4.060884475708008,0,19533,97.66500091552734,11646.4833984375
2974,0.0007141122478060424,0,19533,97.66500091552734,11646.484375
2975,3.963895559310913,0,19533,97.66500091552734,11650.4482421875
2976,0.0015325831482186913,0,19533,97.66500091552734,11650.4501953125
2977,3.6189210414886475,0,19533,97.66500091552734,11654.0693359375
2978,17.40009880065918,0,19533,97.66500091552734,11671.4697265625
2979,0.5563200116157532,0,19533,97.66500091552734,11672.0263671875
2980,0.00019175461784470826,0,19533,97.66500091552734,11672.0263671875
2981,1.3922224044799805,0,19533,97.66500091552734,11673.4189453125
2982,0.0001249710621777922,0,19533,97.66500091552734,11673.4189453125
2983,3.907010316848755,0,19533,97.66500091552734,11677.326171875
2984,1.3428336381912231,0,19533,97.66500091552734,11678.6689453125
2985,3.2279927730560303,0,19533,97.66500091552734,11681.896484375
2986,10.811808586120605,0,19533,97.66500091552734,11692.7080078125
2987,2.6814723014831543,0,19533,97.66500091552734,11695.3896484375
2988,12.399133682250977,0,19533,97.66500091552734,11707.7890625
2989,4.977102756500244,0,19533,97.66500091552734,11712.7666015625
2990,12.1931734085083,0,19533,97.66500091552734,11724.9599609375
2991,1.589128851890564,0,19533,97.66500091552734,11726.548828125
2992,7.224513530731201,0,19533,97.66500091552734,11733.7734375
2993,1.2595832347869873,0,19533,97.66500091552734,11735.033203125
2994,0.00018636384629644454,0,19533,97.66500091552734,11735.033203125
2995,4.573806285858154,0,19533,97.66500091552734,11739.607421875
2996,24.235078811645508,0,19533,97.66500091552734,11763.8427734375
2997,0.5029952526092529,0,19533,97.66500091552734,11764.345703125
2998,0.0006751238252036273,0,19533,97.66500091552734,11764.3466796875
2999,2.5670037269592285,0,19533,97.66500091552734,11766.9140625
3000,4.211558818817139,0,19533,97.66500091552734,11771.1259765625
3001,1.841418981552124,0,19533,97.66500091552734,11772.9677734375
3002,1.601826625119429e-06,0,19533,97.66500091552734,11772.9677734375
3003,0.676919162273407,0,19533,97.66500091552734,11773.64453125
3004,0.00014940896653570235,0,19533,97.66500091552734,11773.64453125
3005,4.591073989868164,0,19533,97.66500091552734,11778.2353515625
3006,6.138769149780273,0,19533,97.66500091552734,11784.3740234375
3007,4.012479305267334,0,19533,97.66500091552734,11788.38671875
3008,4.790449142456055,0,19533,97.66500091552734,11793.1767578125
3009,0.8501850962638855,0,19533,97.66500091552734,11794.02734375
3010,0.000172457133885473,0,19533,97.66500091552734,11794.02734375
3011,2.9808661937713623,0,19533,97.66500091552734,11797.0078125
3012,0.00188668561168015,0,19533,97.66500091552734,11797.009765625
3013,2.130533218383789,0,19533,97.66500091552734,11799.140625
3014,17.059898376464844,0,19533,97.66500091552734,11816.2001953125
3015,0.28556108474731445,0,19533,97.66500091552734,11816.4853515625
3016,7.748603820800781e-05,0,19533,97.66500091552734,11816.4853515625
3017,1.7514262199401855,0,19533,97.66500091552734,11818.236328125
3018,0.00039776164339855313,0,19533,97.66500091552734,11818.236328125
3019,0.29760614037513733,0,19533,97.66500091552734,11818.5341796875
3020,0.0005952516803517938,0,19533,97.66500091552734,11818.53515625
3021,3.72577166557312,0,19533,97.66500091552734,11822.2607421875
3022,0.0011201698798686266,0,19533,97.66500091552734,11822.26171875
3023,4.926975250244141,0,19533,97.66500091552734,11827.1884765625
3024,3.8088879585266113,1,19534,97.66999816894531,11830.9970703125
3025,4.410004138946533,0,19534,97.66999816894531,11835.4072265625
3026,1.5951136350631714,0,19534,97.66999816894531,11837.001953125
3027,2.2519125938415527,0,19534,97.66999816894531,11839.25390625
3028,30.197683334350586,0,19534,97.66999816894531,11869.451171875
3029,4.3267822265625,0,19534,97.66999816894531,11873.7783203125
3030,12.4133882522583,0,19534,97.66999816894531,11886.19140625
3031,0.21915914118289948,0,19534,97.66999816894531,11886.41015625
3032,7.073530287016183e-05,0,19534,97.66999816894531,11886.41015625
3033,2.9807040691375732,0,19534,97.66999816894531,11889.390625
3034,8.055830955505371,0,19534,97.66999816894531,11897.4462890625
3035,4.932061195373535,0,19534,97.66999816894531,11902.3779296875
3036,7.493363857269287,0,19534,97.66999816894531,11909.87109375
3037,0.806667685508728,0,19534,97.66999816894531,11910.677734375
3038,0.00018596691370476037,0,19534,97.66999816894531,11910.677734375
3039,1.964440107345581,0,19534,97.66999816894531,11912.642578125
3040,0.00029484429978765547,0,19534,97.66999816894531,11912.642578125
3041,1.120893955230713,0,19534,97.66999816894531,11913.763671875
3042,0.0023349125403910875,0,19534,97.66999816894531,11913.765625
3043,2.7576682567596436,0,19534,97.66999816894531,11916.5234375
3044,0.00010410944378236309,0,19534,97.66999816894531,11916.5234375
3045,4.1436967849731445,0,19534,97.66999816894531,11920.6669921875
3046,19.533214569091797,0,19534,97.66999816894531,11940.2001953125
3047,2.8648874759674072,0,19534,97.66999816894531,11943.0654296875
3048,0.38635963201522827,0,19534,97.66999816894531,11943.4521484375
3049,1.2678766250610352,0,19534,97.66999816894531,11944.7197265625
3050,0.0010387102374807,0,19534,97.66999816894531,11944.720703125
3051,2.4455249309539795,0,19534,97.66999816894531,11947.166015625
3052,9.457270061830059e-05,0,19534,97.66999816894531,11947.166015625
3053,1.3529348373413086,0,19534,97.66999816894531,11948.5185546875
3054,0.00021537144493777305,0,19534,97.66999816894531,11948.5185546875
3055,3.0383176803588867,0,19534,97.66999816894531,11951.556640625
3056,0.0013891855487599969,0,19534,97.66999816894531,11951.5576171875
3057,3.812082529067993,0,19534,97.66999816894531,11955.3701171875
3058,0.0005944569711573422,0,19534,97.66999816894531,11955.37109375
3059,4.372585773468018,0,19534,97.66999816894531,11959.744140625
3060,0.2808833420276642,0,19534,97.66999816894531,11960.025390625
3061,3.276153326034546,0,19534,97.66999816894531,11963.3017578125
3062,19.304426193237305,0,19534,97.66999816894531,11982.6064453125
3063,1.6705329418182373,0,19534,97.66999816894531,11984.27734375
3064,0.00039816219941712916,0,19534,97.66999816894531,11984.27734375
3065,2.419036626815796,0,19534,97.66999816894531,11986.6962890625
3066,5.338790416717529,0,19534,97.66999816894531,11992.03515625
3067,4.433858871459961,0,19534,97.66999816894531,11996.46875
3068,24.985883712768555,0,19534,97.66999816894531,12021.455078125
3069,1.9510506391525269,0,19534,97.66999816894531,12023.40625
3070,0.0003210949362255633,0,19534,97.66999816894531,12023.40625
3071,3.318696975708008,0,19534,97.66999816894531,12026.724609375
3072,0.0013240177650004625,0,19534,97.66999816894531,12026.7255859375
3073,0.34597980976104736,0,19534,97.66999816894531,12027.0712890625
3074,0.011448860168457031,0,19534,97.66999816894531,12027.0830078125
3075,2.6553893089294434,0,19534,97.66999816894531,12029.73828125
3076,15.702889442443848,0,19534,97.66999816894531,12045.44140625
3077,2.726412534713745,0,19534,97.66999816894531,12048.16796875
3078,11.175291061401367,0,19534,97.66999816894531,12059.3427734375
3079,4.092318534851074,0,19534,97.66999816894531,12063.435546875
3080,18.934158325195312,0,19534,97.66999816894531,12082.3701171875
3081,4.06930685043335,0,19534,97.66999816894531,12086.439453125
3082,11.109461784362793,0,19534,97.66999816894531,12097.548828125
3083,1.8467329740524292,0,19534,97.66999816894531,12099.3955078125
3084,0.00019709268235601485,0,19534,97.66999816894531,12099.3955078125
3085,1.9333745241165161,0,19534,97.66999816894531,12101.3291015625
3086,0.0002702077035792172,0,19534,97.66999816894531,12101.3291015625
3087,4.786367416381836,0,19534,97.66999816894531,12106.115234375
3088,9.36495304107666,0,19534,97.66999816894531,12115.48046875
3089,0.16916973888874054,0,19534,97.66999816894531,12115.6494140625
3090,0.0003895660047419369,0,19534,97.66999816894531,12115.6494140625
3091,0.36943429708480835,0,19534,97.66999816894531,12116.0185546875
3092,0.00024348495935555547,0,19534,97.66999816894531,12116.0185546875
3093,4.494933605194092,0,19534,97.66999816894531,12120.513671875
3094,7.912346839904785,1,19535,97.67500305175781,12128.42578125
3095,3.682436466217041,0,19535,97.67500305175781,12132.1083984375
3096,4.654256343841553,1,19536,97.68000030517578,12136.7626953125
3097,2.490086555480957,0,19536,97.68000030517578,12139.2529296875
3098,0.0026484329719096422,0,19536,97.68000030517578,12139.255859375
3099,1.5211081504821777,0,19536,97.68000030517578,12140.77734375
3100,0.8171852231025696,0,19536,97.68000030517578,12141.5947265625
3101,3.7347052097320557,0,19536,97.68000030517578,12145.3291015625
3102,0.006122588645666838,0,19536,97.68000030517578,12145.3349609375
3103,1.6669368743896484,0,19536,97.68000030517578,12147.001953125
3104,1.0936999320983887,0,19536,97.68000030517578,12148.095703125
3105,0.8160076141357422,0,19536,97.68000030517578,12148.912109375
3106,0.00511924410238862,0,19536,97.68000030517578,12148.9169921875
3107,1.0655735731124878,0,19536,97.68000030517578,12149.982421875
3108,0.00036994615220464766,0,19536,97.68000030517578,12149.982421875
3109,1.4351130723953247,0,19536,97.68000030517578,12151.41796875
3110,2.1855035811313428e-05,0,19536,97.68000030517578,12151.41796875
3111,3.187429904937744,0,19536,97.68000030517578,12154.60546875
3112,1.0489710569381714,0,19536,97.68000030517578,12155.654296875
3113,4.211944103240967,0,19536,97.68000030517578,12159.8662109375
3114,0.5980557799339294,0,19536,97.68000030517578,12160.4638671875
3115,2.654834747314453,0,19536,97.68000030517578,12163.119140625
3116,23.925151824951172,0,19536,97.68000030517578,12187.0439453125
3117,2.735675096511841,0,19536,97.68000030517578,12189.779296875
3118,0.0005726019153371453,0,19536,97.68000030517578,12189.7802734375
3119,2.137225389480591,0,19536,97.68000030517578,12191.91796875
3120,21.821298599243164,0,19536,97.68000030517578,12213.7392578125
3121,2.911771059036255,0,19536,97.68000030517578,12216.6513671875
3122,6.531535625457764,0,19536,97.68000030517578,12223.1826171875
3123,3.069472074508667,0,19536,97.68000030517578,12226.251953125
3124,0.0003830591740552336,0,19536,97.68000030517578,12226.251953125
3125,0.7606766223907471,0,19536,97.68000030517578,12227.0126953125
3126,0.00013192494225222617,0,19536,97.68000030517578,12227.0126953125
3127,2.112093925476074,0,19536,97.68000030517578,12229.125
3128,5.793311595916748,0,19536,97.68000030517578,12234.91796875
3129,3.0057010650634766,0,19536,97.68000030517578,12237.923828125
3130,16.55027198791504,0,19536,97.68000030517578,12254.4736328125
3131,2.0018599033355713,0,19536,97.68000030517578,12256.4755859375
3132,11.906464576721191,1,19537,97.68499755859375,12268.3818359375
3133,4.34298849105835,0,19537,97.68499755859375,12272.724609375
3134,9.494757652282715,0,19537,97.68499755859375,12282.2197265625
3135,1.7103290557861328,0,19537,97.68499755859375,12283.9296875
3136,1.827875712478999e-05,0,19537,97.68499755859375,12283.9296875
3137,4.278756141662598,0,19537,97.68499755859375,12288.2080078125
3138,19.23734474182129,0,19537,97.68499755859375,12307.4453125
3139,0.5182682871818542,0,19537,97.68499755859375,12307.9638671875
3140,0.0007830041577108204,0,19537,97.68499755859375,12307.96484375
3141,4.733723163604736,0,19537,97.68499755859375,12312.6982421875
3142,19.333040237426758,0,19537,97.68499755859375,12332.03125
3143,0.2737258970737457,0,19537,97.68499755859375,12332.3046875
3144,0.00038067498826421797,0,19537,97.68499755859375,12332.3046875
3145,1.285114049911499,0,19537,97.68499755859375,12333.58984375
3146,2.263420343399048,0,19537,97.68499755859375,12335.853515625
3147,3.217111587524414,0,19537,97.68499755859375,12339.0703125
3148,14.612691879272461,0,19537,97.68499755859375,12353.6826171875
3149,2.303189754486084,0,19537,97.68499755859375,12355.9853515625
3150,0.00022298413387034088,0,19537,97.68499755859375,12355.9853515625
3151,1.3016067743301392,0,19537,97.68499755859375,12357.287109375
3152,0.0019954429008066654,0,19537,97.68499755859375,12357.2890625
3153,1.66168212890625,0,19537,97.68499755859375,12358.951171875
3154,0.0001258461270481348,0,19537,97.68499755859375,12358.951171875
3155,2.747933864593506,0,19537,97.68499755859375,12361.69921875
3156,11.198935508728027,0,19537,97.68499755859375,12372.8984375
3157,0.2458689659833908,0,19537,97.68499755859375,12373.14453125
3158,0.0005110104684717953,0,19537,97.68499755859375,12373.1455078125
3159,4.995612144470215,0,19537,97.68499755859375,12378.1416015625
3160,10.333523750305176,0,19537,97.68499755859375,12388.4755859375
3161,3.35453724861145,0,19537,97.68499755859375,12391.830078125
3162,0.0006848574266768992,0,19537,97.68499755859375,12391.8310546875
3163,2.56108021736145,0,19537,97.68499755859375,12394.392578125
3164,9.834685325622559,0,19537,97.68499755859375,12404.2275390625
3165,4.438167572021484,0,19537,97.68499755859375,12408.666015625
3166,28.655664443969727,0,19537,97.68499755859375,12437.3212890625
3167,0.1214335486292839,0,19537,97.68499755859375,12437.4423828125
3168,0.0004061187501065433,0,19537,97.68499755859375,12437.4423828125
3169,2.890416145324707,0,19537,97.68499755859375,12440.3330078125
3170,11.708775520324707,0,19537,97.68499755859375,12452.0419921875
3171,3.8886399269104004,0,19537,97.68499755859375,12455.9306640625
3172,0.001296003581956029,0,19537,97.68499755859375,12455.931640625
3173,1.8050504922866821,0,19537,97.68499755859375,12457.736328125
3174,15.969709396362305,0,19537,97.68499755859375,12473.7060546875
3175,0.4819415509700775,0,19537,97.68499755859375,12474.1884765625
3176,0.0005094211082905531,0,19537,97.68499755859375,12474.189453125
3177,3.9563961029052734,0,19537,97.68499755859375,12478.1455078125
3178,0.004369417671114206,0,19537,97.68499755859375,12478.1494140625
3179,4.177555561065674,0,19537,97.68499755859375,12482.3271484375
3180,0.0007065137033350766,0,19537,97.68499755859375,12482.328125
3181,1.1287081241607666,0,19537,97.68499755859375,12483.45703125
3182,0.4324522018432617,0,19537,97.68499755859375,12483.8896484375
3183,4.908367156982422,0,19537,97.68499755859375,12488.7978515625
3184,0.5498482584953308,0,19537,97.68499755859375,12489.34765625
3185,4.753607273101807,0,19537,97.68499755859375,12494.1015625
3186,0.5758671760559082,0,19537,97.68499755859375,12494.677734375
3187,3.913309335708618,0,19537,97.68499755859375,12498.5908203125
3188,12.979323387145996,0,19537,97.68499755859375,12511.5703125
3189,1.0394189357757568,0,19537,97.68499755859375,12512.609375
3190,0.00011642811296042055,0,19537,97.68499755859375,12512.609375
3191,0.9892606735229492,0,19537,97.68499755859375,12513.5986328125
3192,0.00047365823411382735,0,19537,97.68499755859375,12513.5986328125
3193,4.158808708190918,0,19537,97.68499755859375,12517.7578125
3194,8.110394477844238,0,19537,97.68499755859375,12525.8681640625
3195,0.3595684766769409,0,19537,97.68499755859375,12526.2275390625
3196,0.00010719196143327281,0,19537,97.68499755859375,12526.2275390625
3197,2.533834934234619,0,19537,97.68499755859375,12528.76171875
3198,0.0011201698798686266,0,19537,97.68499755859375,12528.7626953125
3199,2.1435842514038086,0,19537,97.68499755859375,12530.90625
3200,2.1755695343017578e-05,0,19537,97.68499755859375,12530.90625
3201,3.5146141052246094,0,19537,97.68499755859375,12534.4208984375
3202,15.266178131103516,0,19537,97.68499755859375,12549.6875
3203,0.714181661605835,0,19537,97.68499755859375,12550.4013671875
3204,8.6629057477694e-05,0,19537,97.68499755859375,12550.4013671875
3205,0.7764911651611328,0,19537,97.68499755859375,12551.177734375
3206,0.00030537444399669766,0,19537,97.68499755859375,12551.177734375
3207,2.7420530319213867,0,19537,97.68499755859375,12553.919921875
3208,3.935781955718994,0,19537,97.68499755859375,12557.85546875
3209,0.2938639521598816,0,19537,97.68499755859375,12558.1494140625
3210,0.000286102294921875,0,19537,97.68499755859375,12558.1494140625
3211,2.278536558151245,0,19537,97.68499755859375,12560.427734375
3212,11.005395889282227,0,19537,97.68499755859375,12571.43359375
3213,4.475273609161377,0,19537,97.68499755859375,12575.9091796875
3214,9.114786148071289,0,19537,97.68499755859375,12585.0244140625
3215,3.7997729778289795,0,19537,97.68499755859375,12588.82421875
3216,0.0039938585832715034,0,19537,97.68499755859375,12588.828125
3217,4.642384052276611,0,19537,97.68499755859375,12593.470703125
3218,5.742515563964844,0,19537,97.68499755859375,12599.212890625
3219,0.8867918848991394,0,19537,97.68499755859375,12600.099609375
3220,8.503595745423809e-05,0,19537,97.68499755859375,12600.099609375
3221,4.5480427742004395,0,19537,97.68499755859375,12604.6474609375
3222,7.723161697387695,0,19537,97.68499755859375,12612.37109375
3223,2.295175790786743,0,19537,97.68499755859375,12614.666015625
3224,15.634113311767578,0,19537,97.68499755859375,12630.2998046875
3225,0.2545068860054016,0,19537,97.68499755859375,12630.5546875
3226,0.0001827875676099211,0,19537,97.68499755859375,12630.5546875
3227,0.03035411797463894,0,19537,97.68499755859375,12630.5849609375
3228,0.0001915295870276168,0,19537,97.68499755859375,12630.5849609375
3229,3.8785274028778076,0,19537,97.68499755859375,12634.4638671875
3230,10.195053100585938,0,19537,97.68499755859375,12644.6591796875
3231,3.028501272201538,0,19537,97.68499755859375,12647.6875
3232,19.68227767944336,0,19537,97.68499755859375,12667.3701171875
3233,2.6064205169677734,0,19537,97.68499755859375,12669.9765625
3234,0.0003067652287427336,0,19537,97.68499755859375,12669.9765625
3235,3.0187439918518066,0,19537,97.68499755859375,12672.9951171875
3236,9.686816215515137,0,19537,97.68499755859375,12682.681640625
3237,0.33160340785980225,0,19537,97.68499755859375,12683.013671875
3238,0.00020064754062332213,0,19537,97.68499755859375,12683.013671875
3239,4.1308135986328125,0,19537,97.68499755859375,12687.14453125
3240,8.611703872680664,0,19537,97.68499755859375,12695.755859375
3241,1.3675343990325928,0,19537,97.68499755859375,12697.123046875
3242,0.0002785523538477719,0,19537,97.68499755859375,12697.123046875
3243,3.9936110973358154,0,19537,97.68499755859375,12701.1162109375
3244,3.568484306335449,0,19537,97.68499755859375,12704.6845703125
3245,1.26564621925354,0,19537,97.68499755859375,12705.9501953125
3246,0.00020583508012350649,0,19537,97.68499755859375,12705.9501953125
3247,2.5263545513153076,0,19537,97.68499755859375,12708.4765625
3248,0.0005602836608886719,0,19537,97.68499755859375,12708.4775390625
3249,0.06111994758248329,0,19537,97.68499755859375,12708.5390625
3250,0.0006127357482910156,0,19537,97.68499755859375,12708.5400390625
3251,3.7775285243988037,0,19537,97.68499755859375,12712.3173828125
3252,0.0012040138244628906,0,19537,97.68499755859375,12712.318359375
3253,1.7159366607666016,0,19537,97.68499755859375,12714.0341796875
3254,7.549921429017559e-05,0,19537,97.68499755859375,12714.0341796875
3255,0.9936369061470032,0,19537,97.68499755859375,12715.02734375
3256,0.00014146168541628867,0,19537,97.68499755859375,12715.02734375
3257,4.4468817710876465,0,19537,97.68499755859375,12719.474609375
3258,15.796087265014648,0,19537,97.68499755859375,12735.2705078125
3259,0.5324280261993408,0,19537,97.68499755859375,12735.802734375
3260,0.0008138020639307797,0,19537,97.68499755859375,12735.8037109375
3261,2.631568670272827,0,19537,97.68499755859375,12738.435546875
3262,10.705221176147461,0,19537,97.68499755859375,12749.140625
3263,0.32871952652931213,0,19537,97.68499755859375,12749.4697265625
3264,0.0005918741226196289,0,19537,97.68499755859375,12749.470703125
3265,3.522496223449707,0,19537,97.68499755859375,12752.9931640625
3266,12.437317848205566,0,19537,97.68499755859375,12765.4306640625
3267,1.9256891012191772,0,19537,97.68499755859375,12767.3564453125
3268,0.0014181932201609015,0,19537,97.68499755859375,12767.357421875
3269,4.512016773223877,0,19537,97.68499755859375,12771.869140625
3270,11.064376831054688,0,19537,97.68499755859375,12782.93359375
3271,1.2605046033859253,0,19537,97.68499755859375,12784.1943359375
3272,8.185704064089805e-05,0,19537,97.68499755859375,12784.1943359375
3273,2.260654926300049,0,19537,97.68499755859375,12786.455078125
3274,0.0008074442157521844,0,19537,97.68499755859375,12786.4560546875
3275,2.7145273685455322,0,19537,97.68499755859375,12789.1708984375
3276,0.0001935164036694914,0,19537,97.68499755859375,12789.1708984375
3277,3.3899388313293457,0,19537,97.68499755859375,12792.560546875
3278,18.109580993652344,0,19537,97.68499755859375,12810.669921875
3279,2.7789244651794434,0,19537,97.68499755859375,12813.44921875
3280,11.996905326843262,0,19537,97.68499755859375,12825.4462890625
3281,3.2314822673797607,0,19537,97.68499755859375,12828.677734375
3282,2.559054374694824,0,19537,97.68499755859375,12831.236328125
3283,2.899600028991699,0,19537,97.68499755859375,12834.1357421875
3284,0.636952817440033,0,19537,97.68499755859375,12834.7724609375
3285,2.246109962463379,0,19537,97.68499755859375,12837.0185546875
3286,0.00027908667107112706,0,19537,97.68499755859375,12837.0185546875
3287,2.718607187271118,0,19537,97.68499755859375,12839.7373046875
3288,0.01533945370465517,0,19537,97.68499755859375,12839.7529296875
3289,3.597414255142212,0,19537,97.68499755859375,12843.3505859375
3290,0.0002872943878173828,0,19537,97.68499755859375,12843.3505859375
3291,3.8751516342163086,0,19537,97.68499755859375,12847.2255859375
3292,19.208030700683594,0,19537,97.68499755859375,12866.43359375
3293,0.5743027925491333,0,19537,97.68499755859375,12867.0078125
3294,7.074869790812954e-05,0,19537,97.68499755859375,12867.0078125
3295,1.2583279609680176,0,19537,97.68499755859375,12868.2666015625
3296,0.00021934507822152227,0,19537,97.68499755859375,12868.2666015625
3297,3.6949644088745117,0,19537,97.68499755859375,12871.9619140625
3298,12.754526138305664,0,19537,97.68499755859375,12884.716796875
3299,3.936492919921875,0,19537,97.68499755859375,12888.6533203125
3300,13.64342975616455,0,19537,97.68499755859375,12902.296875
3301,2.9142580032348633,0,19537,97.68499755859375,12905.2109375
3302,0.001937747118063271,0,19537,97.68499755859375,12905.212890625
3303,0.6990705728530884,0,19537,97.68499755859375,12905.912109375
3304,12.051283836364746,0,19537,97.68499755859375,12917.9638671875
3305,2.266791820526123,0,19537,97.68499755859375,12920.23046875
3306,15.918355941772461,0,19537,97.68499755859375,12936.1484375
3307,3.1817660331726074,0,19537,97.68499755859375,12939.330078125
3308,2.0349371433258057,0,19537,97.68499755859375,12941.365234375
3309,4.7919416427612305,0,19537,97.68499755859375,12946.1572265625
3310,1.450431227684021,0,19537,97.68499755859375,12947.607421875
3311,2.2729251384735107,0,19537,97.68499755859375,12949.8798828125
3312,0.00010093052696902305,0,19537,97.68499755859375,12949.8798828125
3313,2.0693910121917725,0,19537,97.68499755859375,12951.94921875
3314,1.3145822286605835,0,19537,97.68499755859375,12953.263671875
3315,0.6862188577651978,0,19537,97.68499755859375,12953.9501953125
3316,0.00016252393834292889,0,19537,97.68499755859375,12953.9501953125
3317,3.2008204460144043,0,19537,97.68499755859375,12957.1513671875
3318,0.023003417998552322,0,19537,97.68499755859375,12957.1748046875
3319,0.7724188566207886,0,19537,97.68499755859375,12957.947265625
3320,0.0006103515625,0,19537,97.68499755859375,12957.9482421875
3321,3.1285557746887207,0,19537,97.68499755859375,12961.0771484375
3322,0.07635608315467834,0,19537,97.68499755859375,12961.1533203125
3323,0.3637682795524597,0,19537,97.68499755859375,12961.5166015625
3324,25.78700828552246,2,19539,97.69499969482422,12987.3037109375
3325,2.4589076042175293,0,19539,97.69499969482422,12989.7626953125
3326,0.0022025906946510077,0,19539,97.69499969482422,12989.7646484375
3327,0.23281913995742798,0,19539,97.69499969482422,12989.9970703125
3328,0.10385512560606003,0,19539,97.69499969482422,12990.1005859375
3329,3.788611650466919,0,19539,97.69499969482422,12993.8896484375
3330,3.5894761085510254,2,19541,97.70500183105469,12997.4794921875
3331,4.783792495727539,0,19541,97.70500183105469,13002.263671875
3332,3.171173095703125,0,19541,97.70500183105469,13005.4345703125
3333,2.2472853660583496,0,19541,97.70500183105469,13007.681640625
3334,15.708044052124023,0,19541,97.70500183105469,13023.3896484375
3335,3.747386932373047,0,19541,97.70500183105469,13027.13671875
3336,13.424991607666016,0,19541,97.70500183105469,13040.5615234375
3337,2.731407642364502,0,19541,97.70500183105469,13043.29296875
3338,8.388667106628418,1,19542,97.70999908447266,13051.681640625
3339,2.6975460052490234,0,19542,97.70999908447266,13054.37890625
3340,0.0010911623248830438,0,19542,97.70999908447266,13054.3798828125
3341,2.9668686389923096,0,19542,97.70999908447266,13057.3466796875
3342,0.00022331872605718672,0,19542,97.70999908447266,13057.3466796875
3343,4.828319072723389,0,19542,97.70999908447266,13062.1748046875
3344,6.656783580780029,0,19542,97.70999908447266,13068.83203125
3345,3.051846981048584,0,19542,97.70999908447266,13071.8837890625
3346,0.0016095800092443824,0,19542,97.70999908447266,13071.8857421875
3347,0.17023222148418427,0,19542,97.70999908447266,13072.0556640625
3348,0.001034978893585503,0,19542,97.70999908447266,13072.056640625
3349,1.3245463371276855,0,19542,97.70999908447266,13073.380859375
3350,0.0001516059273853898,0,19542,97.70999908447266,13073.380859375
3351,1.748894214630127,0,19542,97.70999908447266,13075.1298828125
3352,0.007416312117129564,0,19542,97.70999908447266,13075.1376953125
3353,2.1738383769989014,0,19542,97.70999908447266,13077.3115234375
3354,9.412074089050293,0,19542,97.70999908447266,13086.7236328125
3355,2.8415439128875732,0,19542,97.70999908447266,13089.5654296875
3356,16.720346450805664,0,19542,97.70999908447266,13106.2861328125
3357,4.132364273071289,0,19542,97.70999908447266,13110.4189453125
3358,17.706401824951172,0,19542,97.70999908447266,13128.125
3359,4.257079124450684,0,19542,97.70999908447266,13132.3818359375
3360,17.599641799926758,0,19542,97.70999908447266,13149.9814453125
3361,2.357480764389038,0,19542,97.70999908447266,13152.3388671875
3362,0.0011193763930350542,0,19542,97.70999908447266,13152.33984375
3363,0.3073095679283142,0,19542,97.70999908447266,13152.6474609375
3364,0.0006347894668579102,0,19542,97.70999908447266,13152.6484375
3365,2.706005334854126,0,19542,97.70999908447266,13155.3544921875
3366,0.00023543833231087774,0,19542,97.70999908447266,13155.3544921875
3367,2.1217737197875977,0,19542,97.70999908447266,13157.4765625
3368,0.8421637415885925,0,19542,97.70999908447266,13158.318359375
3369,2.9201371669769287,0,19542,97.70999908447266,13161.23828125
3370,0.0029563901480287313,0,19542,97.70999908447266,13161.2412109375
3371,2.796468496322632,0,19542,97.70999908447266,13164.0380859375
3372,0.00010331471276003867,0,19542,97.70999908447266,13164.0380859375
3373,2.7901694774627686,0,19542,97.70999908447266,13166.828125
3374,21.206636428833008,0,19542,97.70999908447266,13188.03515625
3375,4.386398792266846,0,19542,97.70999908447266,13192.421875
3376,5.8683366775512695,0,19542,97.70999908447266,13198.2900390625
3377,1.562965750694275,0,19542,97.70999908447266,13199.8525390625
3378,0.00014043327246326953,0,19542,97.70999908447266,13199.8525390625
3379,0.5506718158721924,0,19542,97.70999908447266,13200.4033203125
3380,1.760103987180628e-05,0,19542,97.70999908447266,13200.4033203125
3381,2.531991958618164,0,19542,97.70999908447266,13202.935546875
3382,7.5756306648254395,0,19542,97.70999908447266,13210.5107421875
3383,3.578427791595459,0,19542,97.70999908447266,13214.0888671875
3384,3.9898219108581543,0,19542,97.70999908447266,13218.0791015625
3385,1.072862148284912,0,19542,97.70999908447266,13219.15234375
3386,0.0002082192659145221,0,19542,97.70999908447266,13219.15234375
3387,2.6611099243164062,0,19542,97.70999908447266,13221.8134765625
3388,0.5877845883369446,0,19542,97.70999908447266,13222.4013671875
3389,1.6042064428329468,0,19542,97.70999908447266,13224.005859375
3390,0.00012159346806583926,0,19542,97.70999908447266,13224.005859375
3391,1.9617472887039185,0,19542,97.70999908447266,13225.9677734375
3392,0.3597625494003296,0,19542,97.70999908447266,13226.3271484375
3393,4.807740211486816,0,19542,97.70999908447266,13231.134765625
3394,19.113969802856445,0,19542,97.70999908447266,13250.2490234375
3395,1.4578890800476074,0,19542,97.70999908447266,13251.70703125
3396,0.00035128439776599407,0,19542,97.70999908447266,13251.70703125
3397,1.7241711616516113,0,19542,97.70999908447266,13253.431640625
3398,9.457270061830059e-05,0,19542,97.70999908447266,13253.431640625
3399,4.080378532409668,0,19542,97.70999908447266,13257.51171875
3400,12.97214126586914,0,19542,97.70999908447266,13270.4833984375
3401,1.7531774044036865,0,19542,97.70999908447266,13272.236328125
3402,0.000479249662021175,0,19542,97.70999908447266,13272.236328125
3403,4.001556396484375,0,19542,97.70999908447266,13276.23828125
3404,0.018632888793945312,0,19542,97.70999908447266,13276.2568359375
3405,2.6096794605255127,0,19542,97.70999908447266,13278.8662109375
3406,2.9017288397881202e-05,0,19542,97.70999908447266,13278.8662109375
3407,2.0056068897247314,0,19542,97.70999908447266,13280.8720703125
3408,0.0014641857706010342,0,19542,97.70999908447266,13280.873046875
3409,1.7739936113357544,0,19542,97.70999908447266,13282.6474609375
3410,7.905708480393514e-05,0,19542,97.70999908447266,13282.6474609375
3411,0.35581716895103455,0,19542,97.70999908447266,13283.0029296875
3412,2.7354894882591907e-06,0,19542,97.70999908447266,13283.0029296875
3413,2.088351249694824,0,19542,97.70999908447266,13285.0908203125
3414,0.0013067479012534022,0,19542,97.70999908447266,13285.091796875
3415,4.769397258758545,0,19542,97.70999908447266,13289.861328125
3416,6.276583194732666,0,19542,97.70999908447266,13296.1376953125
3417,2.936717987060547,0,19542,97.70999908447266,13299.07421875
3418,0.0053788223303854465,0,19542,97.70999908447266,13299.080078125
3419,1.065600872039795,0,19542,97.70999908447266,13300.1455078125
3420,17.615642547607422,0,19542,97.70999908447266,13317.7607421875
3421,4.192981243133545,0,19542,97.70999908447266,13321.9541015625
3422,11.204265594482422,0,19542,97.70999908447266,13333.158203125
3423,2.9344890117645264,0,19542,97.70999908447266,13336.0927734375
3424,0.001797676202841103,0,19542,97.70999908447266,13336.0947265625
3425,4.542316913604736,0,19542,97.70999908447266,13340.63671875
3426,0.0031741459388285875,0,19542,97.70999908447266,13340.6396484375
3427,1.4658958911895752,0,19542,97.70999908447266,13342.10546875
3428,0.0002018610539380461,0,19542,97.70999908447266,13342.10546875
3429,0.8512377142906189,0,19542,97.70999908447266,13342.95703125
3430,0.0006238619098439813,0,19542,97.70999908447266,13342.9580078125
3431,3.7851297855377197,0,19542,97.70999908447266,13346.7431640625
3432,0.0011928875464946032,0,19542,97.70999908447266,13346.744140625
3433,2.8728721141815186,0,19542,97.70999908447266,13349.6171875
3434,0.00018517175340093672,0,19542,97.70999908447266,13349.6171875
3435,2.201441526412964,0,19542,97.70999908447266,13351.818359375
3436,14.812896728515625,0,19542,97.70999908447266,13366.630859375
3437,1.4903039932250977,0,19542,97.70999908447266,13368.12109375
3438,0.00023843049712013453,0,19542,97.70999908447266,13368.12109375
3439,3.421579360961914,0,19542,97.70999908447266,13371.54296875
3440,12.705463409423828,0,19542,97.70999908447266,13384.248046875
3441,2.971033811569214,0,19542,97.70999908447266,13387.21875
3442,0.00026424723910167813,0,19542,97.70999908447266,13387.21875
3443,3.1951282024383545,0,19542,97.70999908447266,13390.4140625
3444,0.0013999143848195672,0,19542,97.70999908447266,13390.4150390625
3445,1.124263882637024,0,19542,97.70999908447266,13391.5390625
3446,0.00024318693613167852,0,19542,97.70999908447266,13391.5390625
3447,2.859731912612915,0,19542,97.70999908447266,13394.3984375
3448,10.952544212341309,0,19542,97.70999908447266,13405.3505859375
3449,0.6532882452011108,0,19542,97.70999908447266,13406.00390625
3450,0.0010633468627929688,0,19542,97.70999908447266,13406.0048828125
3451,4.160378932952881,0,19542,97.70999908447266,13410.1650390625
3452,0.0014630953082814813,0,19542,97.70999908447266,13410.166015625
3453,0.3011058568954468,0,19542,97.70999908447266,13410.466796875
3454,0.0007601578836329281,0,19542,97.70999908447266,13410.4677734375
3455,3.6162660121917725,0,19542,97.70999908447266,13414.083984375
3456,12.863532066345215,0,19542,97.70999908447266,13426.947265625
3457,1.0117589235305786,0,19542,97.70999908447266,13427.958984375
3458,0.00012079910811735317,0,19542,97.70999908447266,13427.958984375
3459,2.6753947734832764,0,19542,97.70999908447266,13430.634765625
3460,13.301380157470703,0,19542,97.70999908447266,13443.9365234375
3461,4.91980504989624,0,19542,97.70999908447266,13448.8564453125
3462,12.082006454467773,0,19542,97.70999908447266,13460.9384765625
3463,0.8513033986091614,0,19542,97.70999908447266,13461.7900390625
3464,0.00019431115651968867,0,19542,97.70999908447266,13461.7900390625
3465,4.4802398681640625,0,19542,97.70999908447266,13466.2705078125
3466,12.58688735961914,0,19542,97.70999908447266,13478.857421875
3467,4.63658332824707,0,19542,97.70999908447266,13483.494140625
3468,12.337172508239746,0,19542,97.70999908447266,13495.8310546875
3469,3.8734753131866455,0,19542,97.70999908447266,13499.7041015625
3470,12.24389934539795,0,19542,97.70999908447266,13511.9482421875
3471,1.9018865823745728,0,19542,97.70999908447266,13513.8505859375
3472,3.2367093563079834,1,19543,97.71500396728516,13517.0869140625
3473,4.866114616394043,0,19543,97.71500396728516,13521.953125
3474,2.8269588947296143,0,19543,97.71500396728516,13524.7802734375
3475,2.8916561603546143,0,19543,97.71500396728516,13527.671875
3476,0.0003751118783839047,0,19543,97.71500396728516,13527.671875
3477,2.420264482498169,0,19543,97.71500396728516,13530.091796875
3478,0.00026782351778820157,0,19543,97.71500396728516,13530.091796875
3479,3.97884464263916,0,19543,97.71500396728516,13534.0703125
3480,2.412670373916626,0,19543,97.71500396728516,13536.4833984375
3481,0.9358144402503967,0,19543,97.71500396728516,13537.4189453125
3482,0.00037272769259288907,0,19543,97.71500396728516,13537.4189453125
3483,4.713189125061035,0,19543,97.71500396728516,13542.1318359375
3484,0.9848089814186096,0,19543,97.71500396728516,13543.1162109375
3485,0.9928749799728394,0,19543,97.71500396728516,13544.109375
3486,0.00904480554163456,0,19543,97.71500396728516,13544.1181640625
3487,2.13456392288208,0,19543,97.71500396728516,13546.2529296875
3488,12.783788681030273,0,19543,97.71500396728516,13559.037109375
3489,2.228870153427124,0,19543,97.71500396728516,13561.265625
3490,0.0007144610281102359,0,19543,97.71500396728516,13561.2666015625
3491,2.922973394393921,0,19543,97.71500396728516,13564.189453125
3492,12.515287399291992,0,19543,97.71500396728516,13576.705078125
3493,4.9153971672058105,0,19543,97.71500396728516,13581.6201171875
3494,12.418855667114258,0,19543,97.71500396728516,13594.0390625
3495,1.6032958030700684,0,19543,97.71500396728516,13595.642578125
3496,0.00040928725502453744,0,19543,97.71500396728516,13595.642578125
3497,1.3557970523834229,0,19543,97.71500396728516,13596.998046875
3498,3.533428430557251,0,19543,97.71500396728516,13600.53125
3499,1.5006282329559326,0,19543,97.71500396728516,13602.0322265625
3500,0.000324249267578125,0,19543,97.71500396728516,13602.0322265625
3501,1.4956557750701904,0,19543,97.71500396728516,13603.5283203125
3502,5.622704702545889e-05,0,19543,97.71500396728516,13603.5283203125
3503,2.236467123031616,0,19543,97.71500396728516,13605.7646484375
3504,0.0009622176294215024,0,19543,97.71500396728516,13605.765625
3505,0.0212741419672966,0,19543,97.71500396728516,13605.787109375
3506,0.0009221831569448113,0,19543,97.71500396728516,13605.7880859375
3507,1.6510759592056274,0,19543,97.71500396728516,13607.439453125
3508,6.298223888734356e-05,0,19543,97.71500396728516,13607.439453125
3509,4.0822529792785645,0,19543,97.71500396728516,13611.521484375
3510,1.574063777923584,0,19543,97.71500396728516,13613.095703125
3511,2.206415891647339,0,19543,97.71500396728516,13615.3017578125
3512,14.687507629394531,0,19543,97.71500396728516,13629.9892578125
3513,1.113511323928833,0,19543,97.71500396728516,13631.1025390625
3514,4.212811109027825e-05,0,19543,97.71500396728516,13631.1025390625
3515,2.6609740257263184,0,19543,97.71500396728516,13633.763671875
3516,0.013666152022778988,0,19543,97.71500396728516,13633.77734375
3517,0.3188632130622864,0,19543,97.71500396728516,13634.0966796875
3518,9.702615737915039,0,19543,97.71500396728516,13643.798828125
3519,4.614253997802734,0,19543,97.71500396728516,13648.4130859375
3520,19.04131507873535,0,19543,97.71500396728516,13667.4541015625
3521,4.8675689697265625,0,19543,97.71500396728516,13672.3212890625
3522,19.00201416015625,0,19543,97.71500396728516,13691.3232421875
3523,3.742504835128784,0,19543,97.71500396728516,13695.0654296875
3524,4.544118404388428,0,19543,97.71500396728516,13699.609375
3525,3.7478954792022705,0,19543,97.71500396728516,13703.357421875
3526,12.781710624694824,0,19543,97.71500396728516,13716.138671875
3527,0.6688189506530762,0,19543,97.71500396728516,13716.8076171875
3528,13.976905822753906,0,19543,97.71500396728516,13730.7841796875
3529,4.729740619659424,0,19543,97.71500396728516,13735.513671875
3530,26.345417022705078,0,19543,97.71500396728516,13761.859375
3531,4.536869525909424,0,19543,97.71500396728516,13766.396484375
3532,9.405531883239746,0,19543,97.71500396728516,13775.8017578125
3533,2.170315980911255,0,19543,97.71500396728516,13777.9716796875
3534,18.574487686157227,0,19543,97.71500396728516,13796.5458984375
3535,3.567164897918701,0,19543,97.71500396728516,13800.11328125
3536,8.342758178710938,0,19543,97.71500396728516,13808.4560546875
3537,0.38012391328811646,0,19543,97.71500396728516,13808.8359375
3538,5.4054686188464984e-05,0,19543,97.71500396728516,13808.8359375
3539,4.497751712799072,0,19543,97.71500396728516,13813.333984375
3540,15.85470962524414,0,19543,97.71500396728516,13829.1884765625
3541,4.924683094024658,0,19543,97.71500396728516,13834.11328125
3542,15.990377426147461,0,19543,97.71500396728516,13850.103515625
3543,1.7459009885787964,0,19543,97.71500396728516,13851.849609375
3544,0.0012000411516055465,0,19543,97.71500396728516,13851.8505859375
3545,4.674105167388916,0,19543,97.71500396728516,13856.5244140625
3546,15.67387866973877,0,19543,97.71500396728516,13872.1982421875
3547,2.022610902786255,0,19543,97.71500396728516,13874.220703125
3548,0.0022888535168021917,0,19543,97.71500396728516,13874.22265625
3549,0.3616964519023895,0,19543,97.71500396728516,13874.583984375
3550,12.8377046585083,0,19543,97.71500396728516,13887.421875
3551,2.256495714187622,0,19543,97.71500396728516,13889.6787109375
3552,0.0005364423850551248,0,19543,97.71500396728516,13889.6796875
3553,2.2904465198516846,0,19543,97.71500396728516,13891.9697265625
3554,11.657116889953613,0,19543,97.71500396728516,13903.626953125
3555,2.84157133102417,0,19543,97.71500396728516,13906.46875
3556,0.0006487966165877879,0,19543,97.71500396728516,13906.4697265625
3557,1.988698124885559,0,19543,97.71500396728516,13908.4580078125
3558,12.277664184570312,0,19543,97.71500396728516,13920.7353515625
3559,2.800572633743286,0,19543,97.71500396728516,13923.5361328125
3560,0.0005022690747864544,0,19543,97.71500396728516,13923.537109375
3561,4.942520618438721,0,19543,97.71500396728516,13928.4794921875
3562,0.4760311245918274,0,19543,97.71500396728516,13928.955078125
3563,2.8538782596588135,0,19543,97.71500396728516,13931.80859375
3564,0.0009791055927053094,0,19543,97.71500396728516,13931.8095703125
3565,1.4314866065979004,0,19543,97.71500396728516,13933.2412109375
3566,0.00011920928227482364,0,19543,97.71500396728516,13933.2412109375
3567,0.5388650894165039,0,19543,97.71500396728516,13933.7802734375
3568,1.589457156114804e-06,0,19543,97.71500396728516,13933.7802734375
3569,0.60326087474823,0,19543,97.71500396728516,13934.3837890625
3570,0.00013113021850585938,0,19543,97.71500396728516,13934.3837890625
3571,4.120007038116455,0,19543,97.71500396728516,13938.50390625
3572,0.3103612959384918,0,19543,97.71500396728516,13938.814453125
3573,2.9109904766082764,0,19543,97.71500396728516,13941.7255859375
3574,0.0008209546213038266,0,19543,97.71500396728516,13941.7265625
3575,0.2774904668331146,0,19543,97.71500396728516,13942.00390625
3576,0.0015544890193268657,0,19543,97.71500396728516,13942.005859375
3577,1.1473593711853027,0,19543,97.71500396728516,13943.1533203125
3578,0.00024716058396734297,0,19543,97.71500396728516,13943.1533203125
3579,1.0160540342330933,0,19543,97.71500396728516,13944.1689453125
3580,0.0,0,19543,97.71500396728516,13944.1689453125
3581,0.5934022665023804,0,19543,97.71500396728516,13944.7626953125
3582,0.00013033548020757735,0,19543,97.71500396728516,13944.7626953125
3583,3.8305065631866455,0,19543,97.71500396728516,13948.5927734375
3584,0.5200823545455933,0,19543,97.71500396728516,13949.11328125
3585,1.0927938222885132,0,19543,97.71500396728516,13950.2060546875
3586,0.0001923243107739836,0,19543,97.71500396728516,13950.2060546875
3587,1.1299192905426025,0,19543,97.71500396728516,13951.3359375
3588,6.278355431277305e-05,0,19543,97.71500396728516,13951.3359375
3589,1.927506685256958,0,19543,97.71500396728516,13953.263671875
3590,0.0019137064227834344,0,19543,97.71500396728516,13953.265625
3591,1.1049212217330933,0,19543,97.71500396728516,13954.3701171875
3592,0.5593100190162659,0,19543,97.71500396728516,13954.9296875
3593,3.0152673721313477,0,19543,97.71500396728516,13957.9453125
3594,29.843231201171875,0,19543,97.71500396728516,13987.7880859375
3595,3.942248582839966,0,19543,97.71500396728516,13991.73046875
3596,12.355377197265625,0,19543,97.71500396728516,14004.0859375
3597,1.0752736330032349,0,19543,97.71500396728516,14005.1611328125
3598,0.0003035921836271882,0,19543,97.71500396728516,14005.1611328125
3599,1.3052939176559448,0,19543,97.71500396728516,14006.466796875
3600,2.8212863981025293e-05,0,19543,97.71500396728516,14006.466796875
3601,0.7934497594833374,0,19543,97.71500396728516,14007.259765625
3602,0.00014662742614746094,0,19543,97.71500396728516,14007.259765625
3603,3.1329150199890137,0,19543,97.71500396728516,14010.392578125
3604,0.01962701417505741,0,19543,97.71500396728516,14010.412109375
3605,0.6873427629470825,0,19543,97.71500396728516,14011.099609375
3606,6.906983375549316,0,19543,97.71500396728516,14018.0068359375
3607,3.9027187824249268,0,19543,97.71500396728516,14021.9091796875
3608,10.581474304199219,0,19543,97.71500396728516,14032.490234375
3609,2.658223867416382,0,19543,97.71500396728516,14035.1484375
3610,0.0008678436861373484,0,19543,97.71500396728516,14035.1494140625
3611,1.0837161540985107,0,19543,97.71500396728516,14036.2333984375
3612,5.00253963470459,0,19543,97.71500396728516,14041.236328125
3613,3.566152572631836,0,19543,97.71500396728516,14044.802734375
3614,7.396816253662109,0,19543,97.71500396728516,14052.19921875
3615,0.6628596186637878,0,19543,97.71500396728516,14052.8623046875
3616,8.299706678371876e-05,0,19543,97.71500396728516,14052.8623046875
3617,1.7166413068771362,0,19543,97.71500396728516,14054.5791015625
3618,0.0013243842404335737,0,19543,97.71500396728516,14054.580078125
3619,3.660841703414917,0,19543,97.71500396728516,14058.2412109375
3620,8.134321212768555,0,19543,97.71500396728516,14066.3759765625
3621,4.715775966644287,0,19543,97.71500396728516,14071.091796875
3622,9.129363059997559,0,19543,97.71500396728516,14080.220703125
3623,2.1034178733825684,0,19543,97.71500396728516,14082.32421875
3624,0.0002587919298093766,0,19543,97.71500396728516,14082.32421875
3625,3.3975682258605957,0,19543,97.71500396728516,14085.7216796875
3626,0.00344760506413877,0,19543,97.71500396728516,14085.7255859375
3627,4.681186199188232,0,19543,97.71500396728516,14090.4072265625
3628,0.0031946562230587006,0,19543,97.71500396728516,14090.41015625
3629,3.5689027309417725,0,19543,97.71500396728516,14093.9794921875
3630,18.966127395629883,0,19543,97.71500396728516,14112.9453125
3631,2.466256856918335,0,19543,97.71500396728516,14115.4111328125
3632,0.0012266894336789846,0,19543,97.71500396728516,14115.412109375
3633,1.5622341632843018,0,19543,97.71500396728516,14116.974609375
3634,7.739112854003906,0,19543,97.71500396728516,14124.7138671875
3635,0.7133232951164246,0,19543,97.71500396728516,14125.4267578125
3636,9.060689626494423e-05,0,19543,97.71500396728516,14125.4267578125
3637,1.8727680444717407,0,19543,97.71500396728516,14127.2998046875
3638,0.002592404605820775,0,19543,97.71500396728516,14127.302734375
3639,2.6517093181610107,0,19543,97.71500396728516,14129.9541015625
3640,15.674286842346191,0,19543,97.71500396728516,14145.6279296875
3641,1.7981921434402466,0,19543,97.71500396728516,14147.42578125
3642,0.0007772510289214551,0,19543,97.71500396728516,14147.4267578125
3643,3.2907068729400635,0,19543,97.71500396728516,14150.7177734375
3644,15.727384567260742,0,19543,97.71500396728516,14166.4453125
3645,2.127581834793091,0,19543,97.71500396728516,14168.5732421875
3646,0.0010077208280563354,0,19543,97.71500396728516,14168.57421875
3647,4.156341075897217,0,19543,97.71500396728516,14172.73046875
3648,0.00158150983043015,0,19543,97.71500396728516,14172.732421875
3649,4.1095290184021,0,19543,97.71500396728516,14176.841796875
3650,0.0009075800189748406,0,19543,97.71500396728516,14176.8427734375
3651,3.963440179824829,0,19543,97.71500396728516,14180.806640625
3652,7.804221153259277,0,19543,97.71500396728516,14188.611328125
3653,1.5786312818527222,0,19543,97.71500396728516,14190.1904296875
3654,2.654484272003174,0,19543,97.71500396728516,14192.8447265625
3655,3.8688299655914307,0,19543,97.71500396728516,14196.7138671875
3656,1.2053816318511963,0,19543,97.71500396728516,14197.9189453125
3657,0.09882334619760513,0,19543,97.71500396728516,14198.017578125
3658,0.00018159547471441329,0,19543,97.71500396728516,14198.017578125
3659,0.8759925961494446,0,19543,97.71500396728516,14198.8935546875
3660,0.0005803505191579461,0,19543,97.71500396728516,14198.89453125
3661,4.282942771911621,0,19543,97.71500396728516,14203.177734375
3662,0.51114821434021,2,19545,97.7249984741211,14203.6884765625
3663,3.9625561237335205,0,19545,97.7249984741211,14207.6513671875
3664,0.05574686825275421,0,19545,97.7249984741211,14207.70703125
3665,2.0323750972747803,0,19545,97.7249984741211,14209.7392578125
3666,10.528144836425781,0,19545,97.7249984741211,14220.267578125
3667,1.9447180032730103,0,19545,97.7249984741211,14222.2119140625
3668,12.679252624511719,0,19545,97.7249984741211,14234.8916015625
3669,3.715160608291626,0,19545,97.7249984741211,14238.6064453125
3670,17.74286460876465,0,19545,97.7249984741211,14256.349609375
3671,2.546074151992798,0,19545,97.7249984741211,14258.8955078125
3672,3.757072925567627,0,19545,97.7249984741211,14262.65234375
3673,2.6333770751953125,0,19545,97.7249984741211,14265.2861328125
3674,0.0005467738374136388,0,19545,97.7249984741211,14265.287109375
3675,1.1251639127731323,0,19545,97.7249984741211,14266.412109375
3676,2.247056007385254,0,19545,97.7249984741211,14268.6591796875
3677,2.2371158599853516,0,19545,97.7249984741211,14270.896484375
3678,0.0009934107074514031,0,19545,97.7249984741211,14270.8974609375
3679,4.802626132965088,0,19545,97.7249984741211,14275.7001953125
3680,16.98860740661621,0,19545,97.7249984741211,14292.6884765625
3681,1.7051506042480469,0,19545,97.7249984741211,14294.3935546875
3682,0.006488163955509663,0,19545,97.7249984741211,14294.400390625
3683,1.2606749534606934,0,19545,97.7249984741211,14295.6611328125
3684,8.417725563049316,0,19545,97.7249984741211,14304.0791015625
3685,4.190375804901123,0,19545,97.7249984741211,14308.26953125
3686,11.331803321838379,0,19545,97.7249984741211,14319.6015625
3687,0.22071830928325653,0,19545,97.7249984741211,14319.822265625
3688,0.001807212713174522,0,19545,97.7249984741211,14319.82421875
3689,1.0465583801269531,0,19545,97.7249984741211,14320.87109375
3690,0.0002988179330714047,0,19545,97.7249984741211,14320.87109375
3691,2.8777060508728027,0,19545,97.7249984741211,14323.7490234375
3692,0.0006198883056640625,0,19545,97.7249984741211,14323.75
3693,2.4273550510406494,0,19545,97.7249984741211,14326.177734375
3694,0.00015974044799804688,0,19545,97.7249984741211,14326.177734375
3695,1.111389398574829,0,19545,97.7249984741211,14327.2890625
3696,8.503595745423809e-05,0,19545,97.7249984741211,14327.2890625
3697,4.2831621170043945,0,19545,97.7249984741211,14331.572265625
3698,2.471500873565674,0,19545,97.7249984741211,14334.0439453125
3699,4.538719177246094,0,19545,97.7249984741211,14338.5830078125
3700,2.0606017112731934,0,19545,97.7249984741211,14340.6435546875
3701,2.4879488945007324,0,19545,97.7249984741211,14343.1318359375
3702,10.609710693359375,0,19545,97.7249984741211,14353.7412109375
3703,4.100185394287109,0,19545,97.7249984741211,14357.841796875
3704,6.9150390625,0,19545,97.7249984741211,14364.7568359375
3705,1.207449197769165,0,19545,97.7249984741211,14365.9638671875
3706,7.152557373046875e-05,0,19545,97.7249984741211,14365.9638671875
3707,0.032001711428165436,0,19545,97.7249984741211,14365.99609375
3708,7.788340008119121e-05,0,19545,97.7249984741211,14365.99609375
3709,0.2508341372013092,0,19545,97.7249984741211,14366.2470703125
3710,0.00013589859008789062,0,19545,97.7249984741211,14366.2470703125
3711,4.898647785186768,0,19545,97.7249984741211,14371.1455078125
3712,20.045061111450195,0,19545,97.7249984741211,14391.1904296875
3713,1.9107043743133545,0,19545,97.7249984741211,14393.1015625
3714,0.0004019371117465198,0,19545,97.7249984741211,14393.1015625
3715,3.5115861892700195,0,19545,97.7249984741211,14396.61328125
3716,0.0013590852031484246,0,19545,97.7249984741211,14396.6142578125
3717,4.51266622543335,0,19545,97.7249984741211,14401.126953125
3718,17.392492294311523,1,19546,97.72999572753906,14418.51953125
3719,0.06345739215612411,0,19546,97.72999572753906,14418.5830078125
3720,0.00018637062748894095,0,19546,97.72999572753906,14418.5830078125
3721,2.4726221561431885,0,19546,97.72999572753906,14421.0556640625
3722,0.0005773702869191766,0,19546,97.72999572753906,14421.056640625
3723,2.985222101211548,0,19546,97.72999572753906,14424.0419921875
3724,0.0003639856877271086,0,19546,97.72999572753906,14424.0419921875
3725,2.6933226585388184,0,19546,97.72999572753906,14426.7353515625
3726,0.00039021173142828047,0,19546,97.72999572753906,14426.7353515625
3727,1.5796281099319458,0,19546,97.72999572753906,14428.3154296875
3728,5.948400020599365,0,19546,97.72999572753906,14434.263671875
3729,1.737898349761963,0,19546,97.72999572753906,14436.001953125
3730,0.001700719352811575,0,19546,97.72999572753906,14436.00390625
3731,1.9948242902755737,0,19546,97.72999572753906,14437.9990234375
3732,25.606178283691406,0,19546,97.72999572753906,14463.60546875
3733,3.4325668811798096,0,19546,97.72999572753906,14467.0380859375
3734,17.82607078552246,0,19546,97.72999572753906,14484.8642578125
3735,1.6511985063552856,0,19546,97.72999572753906,14486.515625
3736,1.987218638532795e-05,0,19546,97.72999572753906,14486.515625
3737,0.3539942800998688,0,19546,97.72999572753906,14486.869140625
3738,9.65595172601752e-05,0,19546,97.72999572753906,14486.869140625
3739,2.849900245666504,0,19546,97.72999572753906,14489.71875
3740,3.576789140701294,0,19546,97.72999572753906,14493.2958984375
3741,2.636624574661255,0,19546,97.72999572753906,14495.9326171875
3742,0.0007534027681685984,0,19546,97.72999572753906,14495.93359375
3743,0.12162327766418457,0,19546,97.72999572753906,14496.0556640625
3744,0.000943342805840075,0,19546,97.72999572753906,14496.056640625
3745,4.5285115242004395,0,19546,97.72999572753906,14500.5849609375
3746,4.905735969543457,0,19546,97.72999572753906,14505.490234375
3747,3.5954926013946533,0,19546,97.72999572753906,14509.0859375
3748,2.9177398681640625,0,19546,97.72999572753906,14512.00390625
3749,1.4641321897506714,0,19546,97.72999572753906,14513.4677734375
3750,0.0003936391731258482,0,19546,97.72999572753906,14513.4677734375
3751,4.406764507293701,0,19546,97.72999572753906,14517.875
3752,21.588624954223633,0,19546,97.72999572753906,14539.4638671875
3753,4.108418941497803,0,19546,97.72999572753906,14543.572265625
3754,12.028422355651855,0,19546,97.72999572753906,14555.6005859375
3755,2.7085683345794678,0,19546,97.72999572753906,14558.3095703125
3756,9.500470161437988,0,19546,97.72999572753906,14567.8095703125
3757,3.338074207305908,0,19546,97.72999572753906,14571.1474609375
3758,0.0007953743916004896,0,19546,97.72999572753906,14571.1484375
3759,0.7321203947067261,0,19546,97.72999572753906,14571.880859375
3760,0.0002885361318476498,0,19546,97.72999572753906,14571.880859375
3761,2.3722598552703857,0,19546,97.72999572753906,14574.2529296875
3762,16.76251983642578,1,19547,97.73500061035156,14591.015625
3763,2.787238359451294,0,19547,97.73500061035156,14593.802734375
3764,0.0006886341725476086,0,19547,97.73500061035156,14593.8037109375
3765,2.6482222080230713,0,19547,97.73500061035156,14596.4521484375
3766,0.0002026557776844129,0,19547,97.73500061035156,14596.4521484375
3767,3.4295926094055176,0,19547,97.73500061035156,14599.8818359375
3768,5.658850193023682,0,19547,97.73500061035156,14605.541015625
3769,4.095154762268066,0,19547,97.73500061035156,14609.6357421875
3770,9.614167213439941,0,19547,97.73500061035156,14619.25
3771,4.153488636016846,0,19547,97.73500061035156,14623.4033203125
3772,25.301918029785156,0,19547,97.73500061035156,14648.705078125
3773,3.4748384952545166,0,19547,97.73500061035156,14652.1796875
3774,9.239995002746582,0,19547,97.73500061035156,14661.419921875
3775,0.29914140701293945,0,19547,97.73500061035156,14661.71875
3776,1.7512227714178152e-05,0,19547,97.73500061035156,14661.71875
3777,2.319326162338257,0,19547,97.73500061035156,14664.0380859375
3778,0.001983642578125,0,19547,97.73500061035156,14664.0400390625
3779,4.773126602172852,0,19547,97.73500061035156,14668.8134765625
3780,4.660824298858643,0,19547,97.73500061035156,14673.474609375
3781,2.94521164894104,0,19547,97.73500061035156,14676.419921875
3782,17.13532066345215,0,19547,97.73500061035156,14693.5556640625
3783,4.655374050140381,0,19547,97.73500061035156,14698.2109375
3784,8.575331687927246,0,19547,97.73500061035156,14706.7861328125
3785,0.6218553185462952,0,19547,97.73500061035156,14707.408203125
3786,0.00013113261957187206,0,19547,97.73500061035156,14707.408203125
3787,3.338581085205078,0,19547,97.73500061035156,14710.7470703125
3788,12.009711265563965,0,19547,97.73500061035156,14722.7568359375
3789,0.1559840589761734,0,19547,97.73500061035156,14722.9130859375
3790,0.0006976727745495737,0,19547,97.73500061035156,14722.9140625
3791,3.285907506942749,0,19547,97.73500061035156,14726.2001953125
3792,0.00045574447722174227,0,19547,97.73500061035156,14726.2001953125
3793,0.8633719086647034,0,19547,97.73500061035156,14727.0634765625
3794,0.0037311497144401073,0,19547,97.73500061035156,14727.0673828125
3795,4.505551815032959,0,19547,97.73500061035156,14731.5732421875
3796,0.0014800699427723885,0,19547,97.73500061035156,14731.5751953125
3797,4.905897617340088,0,19547,97.73500061035156,14736.4814453125
3798,14.407509803771973,0,19547,97.73500061035156,14750.888671875
3799,2.3183436393737793,0,19547,97.73500061035156,14753.20703125
3800,0.017289239913225174,0,19547,97.73500061035156,14753.224609375
3801,1.545510172843933,0,19547,97.73500061035156,14754.7705078125
3802,0.00022808709763921797,0,19547,97.73500061035156,14754.7705078125
3803,3.0206966400146484,0,19547,97.73500061035156,14757.791015625
3804,0.0011857349891215563,0,19547,97.73500061035156,14757.7919921875
3805,3.3160462379455566,0,19547,97.73500061035156,14761.1083984375
3806,0.03227536752820015,0,19547,97.73500061035156,14761.140625
3807,1.5244184732437134,0,19547,97.73500061035156,14762.6650390625
3808,29.63616943359375,0,19547,97.73500061035156,14792.30078125
3809,0.641839325428009,0,19547,97.73500061035156,14792.9423828125
3810,0.000109684064227622,0,19547,97.73500061035156,14792.9423828125
3811,0.14265532791614532,0,19547,97.73500061035156,14793.0849609375
3812,7.62939453125e-05,0,19547,97.73500061035156,14793.0849609375
3813,1.4690765142440796,0,19547,97.73500061035156,14794.5537109375
3814,0.0002789497375488281,0,19547,97.73500061035156,14794.5537109375
3815,4.900147438049316,0,19547,97.73500061035156,14799.4541015625
3816,10.374938011169434,0,19547,97.73500061035156,14809.8291015625
3817,4.199892997741699,0,19547,97.73500061035156,14814.029296875
3818,13.591605186462402,0,19547,97.73500061035156,14827.62109375
3819,2.682389736175537,0,19547,97.73500061035156,14830.3037109375
3820,0.0010116900084540248,0,19547,97.73500061035156,14830.3046875
3821,4.096484184265137,0,19547,97.73500061035156,14834.4013671875
3822,4.187028884887695,0,19547,97.73500061035156,14838.5888671875
3823,1.7143452167510986,0,19547,97.73500061035156,14840.302734375
3824,9.838095664978027,0,19547,97.73500061035156,14850.140625
3825,3.374922037124634,0,19547,97.73500061035156,14853.515625
3826,14.578103065490723,0,19547,97.73500061035156,14868.09375
3827,1.7817351818084717,0,19547,97.73500061035156,14869.875
3828,5.940803384874016e-05,0,19547,97.73500061035156,14869.875
3829,1.2539172172546387,0,19547,97.73500061035156,14871.12890625
3830,0.0004806120996363461,0,19547,97.73500061035156,14871.12890625
3831,2.3727104663848877,0,19547,97.73500061035156,14873.501953125
3832,0.0001937150809681043,0,19547,97.73500061035156,14873.501953125
3833,2.928107976913452,0,19547,97.73500061035156,14876.4296875
3834,0.0012661019572988153,0,19547,97.73500061035156,14876.4306640625
3835,3.445096969604492,0,19547,97.73500061035156,14879.8759765625
3836,0.000380376965040341,0,19547,97.73500061035156,14879.8759765625
3837,2.431461811065674,0,19547,97.73500061035156,14882.3076171875
3838,7.836454391479492,0,19547,97.73500061035156,14890.14453125
3839,1.7818270921707153,0,19547,97.73500061035156,14891.9267578125
3840,0.00012437565601430833,0,19547,97.73500061035156,14891.9267578125
3841,3.5928542613983154,0,19547,97.73500061035156,14895.51953125
3842,6.556173324584961,0,19547,97.73500061035156,14902.076171875
3843,2.5447938442230225,0,19547,97.73500061035156,14904.62109375
3844,0.0006114442949183285,0,19547,97.73500061035156,14904.6220703125
3845,1.1453665494918823,0,19547,97.73500061035156,14905.767578125
3846,0.00012248754501342773,0,19547,97.73500061035156,14905.767578125
3847,0.9701429605484009,0,19547,97.73500061035156,14906.7373046875
3848,8.771816646913067e-05,0,19547,97.73500061035156,14906.7373046875
3849,0.4545498490333557,0,19547,97.73500061035156,14907.19140625
3850,0.00020116566156502813,0,19547,97.73500061035156,14907.19140625
3851,0.8003649711608887,0,19547,97.73500061035156,14907.9921875
3852,1.3411044164968189e-05,0,19547,97.73500061035156,14907.9921875
3853,1.843424916267395,0,19547,97.73500061035156,14909.8359375
3854,0.0006853540544398129,0,19547,97.73500061035156,14909.8369140625
3855,1.069183349609375,0,19547,97.73500061035156,14910.90625
3856,0.00015954175614751875,0,19547,97.73500061035156,14910.90625
3857,4.349645137786865,0,19547,97.73500061035156,14915.255859375
3858,5.67002534866333,0,19547,97.73500061035156,14920.92578125
3859,4.512622356414795,0,19547,97.73500061035156,14925.4384765625
3860,6.018462657928467,0,19547,97.73500061035156,14931.45703125
3861,4.117965221405029,0,19547,97.73500061035156,14935.5751953125
3862,5.793640613555908,0,19547,97.73500061035156,14941.369140625
3863,1.8518478870391846,0,19547,97.73500061035156,14943.220703125
3864,0.0016689299372956157,0,19547,97.73500061035156,14943.22265625
3865,1.3504945039749146,0,19547,97.73500061035156,14944.5732421875
3866,2.589841604232788,0,19547,97.73500061035156,14947.1630859375
3867,1.0763490200042725,0,19547,97.73500061035156,14948.2392578125
3868,0.0013466676464304328,0,19547,97.73500061035156,14948.240234375
3869,4.861574649810791,0,19547,97.73500061035156,14953.1015625
3870,1.5914232730865479,0,19547,97.73500061035156,14954.693359375
3871,4.3453688621521,0,19547,97.73500061035156,14959.0390625
3872,8.257153511047363,0,19547,97.73500061035156,14967.2958984375
3873,3.691185474395752,0,19547,97.73500061035156,14970.9873046875
3874,2.934809923171997,0,19547,97.73500061035156,14973.921875
3875,2.1078763008117676,0,19547,97.73500061035156,14976.029296875
3876,0.00027399390819482505,0,19547,97.73500061035156,14976.029296875
3877,4.602497577667236,0,19547,97.73500061035156,14980.6318359375
3878,10.310386657714844,0,19547,97.73500061035156,14990.9423828125
3879,0.9791121482849121,0,19547,97.73500061035156,14991.921875
3880,3.973642742494121e-05,0,19547,97.73500061035156,14991.921875
3881,2.7492733001708984,0,19547,97.73500061035156,14994.6708984375
3882,25.108722686767578,0,19547,97.73500061035156,15019.779296875
3883,0.4909418523311615,0,19547,97.73500061035156,15020.2705078125
3884,1.1571422874112613e-05,0,19547,97.73500061035156,15020.2705078125
3885,0.6483257412910461,0,19547,97.73500061035156,15020.9189453125
3886,0.00013093152665533125,0,19547,97.73500061035156,15020.9189453125
3887,3.3855068683624268,0,19547,97.73500061035156,15024.3046875
3888,3.552706003189087,0,19547,97.73500061035156,15027.857421875
3889,1.641978144645691,0,19547,97.73500061035156,15029.4990234375
3890,0.00037988106487318873,0,19547,97.73500061035156,15029.4990234375
3891,0.23137682676315308,0,19547,97.73500061035156,15029.73046875
3892,0.00028292337083257735,0,19547,97.73500061035156,15029.73046875
3893,4.24041748046875,0,19547,97.73500061035156,15033.970703125
3894,19.49921989440918,0,19547,97.73500061035156,15053.4697265625
3895,4.536901473999023,0,19547,97.73500061035156,15058.0068359375
3896,10.160622596740723,0,19547,97.73500061035156,15068.1669921875
3897,3.048707962036133,0,19547,97.73500061035156,15071.2158203125
3898,0.00038941699312999845,0,19547,97.73500061035156,15071.2158203125
3899,3.048560857772827,0,19547,97.73500061035156,15074.2646484375
3900,13.194743156433105,0,19547,97.73500061035156,15087.458984375
3901,4.698273658752441,0,19547,97.73500061035156,15092.1572265625
3902,12.521509170532227,0,19547,97.73500061035156,15104.6787109375
3903,0.056532714515924454,0,19547,97.73500061035156,15104.7353515625
3904,4.649161928682588e-05,0,19547,97.73500061035156,15104.7353515625
3905,0.6160879731178284,0,19547,97.73500061035156,15105.3515625
3906,0.0001931190345203504,0,19547,97.73500061035156,15105.3515625
3907,3.709360361099243,0,19547,97.73500061035156,15109.060546875
3908,6.480771541595459,0,19547,97.73500061035156,15115.541015625
3909,3.0813069343566895,0,19547,97.73500061035156,15118.6220703125
3910,21.191232681274414,0,19547,97.73500061035156,15139.8134765625
3911,1.0120689868927002,0,19547,97.73500061035156,15140.8251953125
3912,1.2178096767456736e-05,0,19547,97.73500061035156,15140.8251953125
3913,0.3604578971862793,0,19547,97.73500061035156,15141.185546875
3914,8.970499038696289e-05,0,19547,97.73500061035156,15141.185546875
3915,0.1502929925918579,0,19547,97.73500061035156,15141.3359375
3916,0.00012437501573003829,0,19547,97.73500061035156,15141.3359375
3917,4.261948585510254,0,19547,97.73500061035156,15145.59765625
3918,3.422795057296753,0,19547,97.73500061035156,15149.0205078125
3919,3.8344058990478516,0,19547,97.73500061035156,15152.8544921875
3920,9.034724235534668,0,19547,97.73500061035156,15161.8896484375
3921,4.452512741088867,0,19547,97.73500061035156,15166.341796875
3922,20.926607131958008,0,19547,97.73500061035156,15187.2685546875
3923,0.47826653718948364,0,19547,97.73500061035156,15187.7470703125
3924,0.0003012063098140061,0,19547,97.73500061035156,15187.7470703125
3925,0.5533397793769836,0,19547,97.73500061035156,15188.30078125
3926,0.0001351038517896086,0,19547,97.73500061035156,15188.30078125
3927,3.9477057456970215,0,19547,97.73500061035156,15192.248046875
3928,16.281381607055664,0,19547,97.73500061035156,15208.529296875
3929,0.30319324135780334,0,19547,97.73500061035156,15208.83203125
3930,2.8654345442191698e-05,0,19547,97.73500061035156,15208.83203125
3931,3.564300060272217,0,19547,97.73500061035156,15212.396484375
3932,2.9193644523620605,0,19547,97.73500061035156,15215.3154296875
3933,3.844552755355835,0,19547,97.73500061035156,15219.16015625
3934,2.006983518600464,0,19547,97.73500061035156,15221.1669921875
3935,3.4306764602661133,0,19547,97.73500061035156,15224.59765625
3936,17.60415267944336,0,19547,97.73500061035156,15242.2021484375
3937,1.5042922496795654,0,19547,97.73500061035156,15243.7060546875
3938,11.33845043182373,0,19547,97.73500061035156,15255.044921875
3939,2.879305839538574,0,19547,97.73500061035156,15257.923828125
3940,3.4982337951660156,0,19547,97.73500061035156,15261.421875
3941,3.364976406097412,0,19547,97.73500061035156,15264.787109375
3942,7.640860557556152,0,19547,97.73500061035156,15272.427734375
3943,2.3130276203155518,0,19547,97.73500061035156,15274.7412109375
3944,19.916654586791992,0,19547,97.73500061035156,15294.658203125
3945,3.5300731658935547,0,19547,97.73500061035156,15298.1884765625
3946,16.408559799194336,0,19547,97.73500061035156,15314.5966796875
3947,3.659996509552002,0,19547,97.73500061035156,15318.2568359375
3948,4.867128849029541,1,19548,97.73999786376953,15323.1240234375
3949,3.5998198986053467,0,19548,97.73999786376953,15326.7236328125
3950,0.0009451309451833367,0,19548,97.73999786376953,15326.724609375
3951,0.26855695247650146,0,19548,97.73999786376953,15326.9931640625
3952,0.0005994240054860711,0,19548,97.73999786376953,15326.994140625
3953,2.3066327571868896,0,19548,97.73999786376953,15329.30078125
3954,0.00013609726738650352,0,19548,97.73999786376953,15329.30078125
3955,4.558657169342041,0,19548,97.73999786376953,15333.859375
3956,6.769360542297363,0,19548,97.73999786376953,15340.62890625
3957,0.8940470814704895,0,19548,97.73999786376953,15341.5234375
3958,0.00011920928227482364,0,19548,97.73999786376953,15341.5234375
3959,1.787499189376831,0,19548,97.73999786376953,15343.310546875
3960,0.0032250084914267063,0,19548,97.73999786376953,15343.3134765625
3961,4.389034271240234,0,19548,97.73999786376953,15347.7021484375
3962,0.0011555353412404656,0,19548,97.73999786376953,15347.703125
3963,4.508840560913086,0,19548,97.73999786376953,15352.2119140625
3964,0.012027421966195107,0,19548,97.73999786376953,15352.2236328125
3965,0.27057185769081116,0,19548,97.73999786376953,15352.494140625
3966,0.0016641615657135844,0,19548,97.73999786376953,15352.49609375
3967,4.916568279266357,0,19548,97.73999786376953,15357.4130859375
3968,5.402615070343018,0,19548,97.73999786376953,15362.8154296875
3969,3.31939435005188,0,19548,97.73999786376953,15366.134765625
3970,23.062414169311523,0,19548,97.73999786376953,15389.197265625
3971,4.962724208831787,0,19548,97.73999786376953,15394.16015625
3972,23.629579544067383,1,19549,97.74500274658203,15417.7900390625
3973,0.43522951006889343,0,19549,97.74500274658203,15418.2255859375
3974,0.0004355373384896666,0,19549,97.74500274658203,15418.2255859375
3975,4.414607048034668,0,19549,97.74500274658203,15422.640625
3976,18.294466018676758,0,19549,97.74500274658203,15440.935546875
3977,4.209747314453125,0,19549,97.74500274658203,15445.1455078125
3978,15.685425758361816,0,19549,97.74500274658203,15460.8310546875
3979,0.9320343136787415,0,19549,97.74500274658203,15461.7626953125
3980,0.00024318824580404907,0,19549,97.74500274658203,15461.7626953125
3981,3.5644328594207764,0,19549,97.74500274658203,15465.3271484375
3982,9.87254810333252,0,19549,97.74500274658203,15475.19921875
3983,0.24210098385810852,0,19549,97.74500274658203,15475.44140625
3984,4.43210665252991e-05,0,19549,97.74500274658203,15475.44140625
3985,2.1316230297088623,0,19549,97.74500274658203,15477.5732421875
3986,0.0008758179610595107,0,19549,97.74500274658203,15477.57421875
3987,0.9018968343734741,0,19549,97.74500274658203,15478.4765625
3988,17.77444839477539,0,19549,97.74500274658203,15496.2509765625
3989,2.533506155014038,0,19549,97.74500274658203,15498.7841796875
3990,0.008993841707706451,0,19549,97.74500274658203,15498.79296875
3991,1.6446279287338257,0,19549,97.74500274658203,15500.4375
3992,0.00018184701912105083,0,19549,97.74500274658203,15500.4375
3993,2.9360744953155518,0,19549,97.74500274658203,15503.3740234375
3994,0.0014464062405750155,0,19549,97.74500274658203,15503.375
3995,2.025127410888672,0,19549,97.74500274658203,15505.400390625
3996,17.766437530517578,0,19549,97.74500274658203,15523.1669921875
3997,0.2161671370267868,0,19549,97.74500274658203,15523.3828125
3998,0.00011305083899060264,0,19549,97.74500274658203,15523.3828125
3999,2.7776834964752197,0,19549,97.74500274658203,15526.16015625
4000,16.512744903564453,0,19549,97.74500274658203,15542.6728515625
4001,1.1890599727630615,0,19549,97.74500274658203,15543.8623046875
4002,0.000995200127363205,0,19549,97.74500274658203,15543.86328125
4003,3.655806303024292,0,19549,97.74500274658203,15547.51953125
4004,20.192651748657227,0,19549,97.74500274658203,15567.7119140625
4005,3.393307685852051,0,19549,97.74500274658203,15571.10546875
4006,0.0004824003844987601,0,19549,97.74500274658203,15571.10546875
4007,4.875549793243408,0,19549,97.74500274658203,15575.9814453125
4008,0.5043249130249023,0,19549,97.74500274658203,15576.4853515625
4009,2.5587010383605957,0,19549,97.74500274658203,15579.0439453125
4010,0.0006250540027394891,0,19549,97.74500274658203,15579.044921875
4011,2.2899627685546875,0,19549,97.74500274658203,15581.3349609375
4012,0.0001247723848791793,0,19549,97.74500274658203,15581.3349609375
4013,4.557237148284912,0,19549,97.74500274658203,15585.892578125
4014,3.1785154342651367,0,19549,97.74500274658203,15589.0712890625
4015,4.138938903808594,0,19549,97.74500274658203,15593.2099609375
4016,3.8955869674682617,1,19550,97.75,15597.10546875
4017,1.2257503271102905,0,19550,97.75,15598.3310546875
4018,5.0069476856151596e-05,0,19550,97.75,15598.3310546875
4019,1.711661696434021,0,19550,97.75,15600.04296875
4020,0.0009246667032130063,0,19550,97.75,15600.0439453125
4021,4.888372898101807,0,19550,97.75,15604.9326171875
4022,24.320436477661133,0,19550,97.75,15629.2529296875
4023,2.3848328590393066,0,19550,97.75,15631.6376953125
4024,0.0009202460059896111,0,19550,97.75,15631.638671875
4025,4.96205997467041,0,19550,97.75,15636.6005859375
4026,6.022162914276123,0,19550,97.75,15642.623046875
4027,4.864570617675781,0,19550,97.75,15647.4873046875
4028,4.822239398956299,0,19550,97.75,15652.3095703125
4029,2.203606367111206,0,19550,97.75,15654.5126953125
4030,7.589657616335899e-05,0,19550,97.75,15654.5126953125
4031,1.4898452758789062,0,19550,97.75,15656.0029296875
4032,0.0002888838353101164,0,19550,97.75,15656.0029296875
4033,1.8515323400497437,0,19550,97.75,15657.8544921875
4034,4.797470569610596,0,19550,97.75,15662.65234375
4035,0.7713055610656738,0,19550,97.75,15663.423828125
4036,0.00033696586615405977,0,19550,97.75,15663.423828125
4037,3.1963441371917725,0,19550,97.75,15666.6201171875
4038,0.0009059905423782766,0,19550,97.75,15666.62109375
4039,1.1472915410995483,0,19550,97.75,15667.7685546875
4040,0.0001811981201171875,0,19550,97.75,15667.7685546875
4041,3.0906198024749756,0,19550,97.75,15670.859375
4042,0.002624193672090769,0,19550,97.75,15670.8623046875
4043,3.3649513721466064,0,19550,97.75,15674.2275390625
4044,3.565904140472412,0,19550,97.75,15677.79296875
4045,0.18363343179225922,0,19550,97.75,15677.9765625
4046,0.0005670388345606625,0,19550,97.75,15677.9775390625
4047,4.919473648071289,0,19550,97.75,15682.8974609375
4048,3.6800129413604736,0,19550,97.75,15686.5771484375
4049,2.115635633468628,0,19550,97.75,15688.6923828125
4050,15.809209823608398,0,19550,97.75,15704.501953125
4051,1.1583802700042725,0,19550,97.75,15705.66015625
4052,5.566859181271866e-05,0,19550,97.75,15705.66015625
4053,1.0548104047775269,0,19550,97.75,15706.71484375
4054,0.0001808527304092422,0,19550,97.75,15706.71484375
4055,1.773368239402771,0,19550,97.75,15708.48828125
4056,0.00023667611822020262,0,19550,97.75,15708.48828125
4057,0.37224531173706055,0,19550,97.75,15708.8603515625
4058,0.00013454789586830884,0,19550,97.75,15708.8603515625
4059,2.552358865737915,0,19550,97.75,15711.4130859375
4060,0.000912274292204529,0,19550,97.75,15711.4140625
4061,3.1183979511260986,0,19550,97.75,15714.5322265625
4062,17.770421981811523,0,19550,97.75,15732.302734375
4063,3.7466819286346436,0,19550,97.75,15736.0498046875
4064,17.54961395263672,0,19550,97.75,15753.599609375
4065,2.431074380874634,0,19550,97.75,15756.0302734375
4066,19.224470138549805,0,19550,97.75,15775.2548828125
4067,2.0421347618103027,0,19550,97.75,15777.296875
4068,0.0003652877057902515,0,19550,97.75,15777.296875
4069,3.4131479263305664,0,19550,97.75,15780.7099609375
4070,0.0012896457919850945,0,19550,97.75,15780.7109375
4071,2.5038633346557617,0,19550,97.75,15783.21484375
4072,5.8486199378967285,0,19550,97.75,15789.0634765625
4073,4.8754706382751465,0,19550,97.75,15793.9384765625
4074,5.751159191131592,0,19550,97.75,15799.689453125
4075,1.943042278289795,0,19550,97.75,15801.6328125
4076,0.001858870149590075,0,19550,97.75,15801.634765625
4077,3.1589577198028564,0,19550,97.75,15804.7939453125
4078,0.0002240141184302047,0,19550,97.75,15804.7939453125
4079,3.947641611099243,0,19550,97.75,15808.7412109375
4080,5.679722785949707,0,19550,97.75,15814.4208984375
4081,4.3805084228515625,0,19550,97.75,15818.8017578125
4082,12.99100112915039,0,19550,97.75,15831.79296875
4083,1.2330950498580933,0,19550,97.75,15833.0263671875
4084,0.00016372179379686713,0,19550,97.75,15833.0263671875
4085,1.5298446416854858,0,19550,97.75,15834.556640625
4086,0.0001847743842517957,0,19550,97.75,15834.556640625
4087,3.3177566528320312,0,19550,97.75,15837.8740234375
4088,3.413713216781616,1,19551,97.7550048828125,15841.2880859375
4089,3.6773858070373535,0,19551,97.7550048828125,15844.9658203125
4090,18.143220901489258,0,19551,97.7550048828125,15863.109375
4091,2.428009271621704,0,19551,97.7550048828125,15865.537109375
4092,0.0002826761337928474,0,19551,97.7550048828125,15865.537109375
4093,4.430578708648682,0,19551,97.7550048828125,15869.9677734375
4094,26.655155181884766,0,19551,97.7550048828125,15896.623046875
4095,0.7838021516799927,0,19551,97.7550048828125,15897.4072265625
4096,0.5824615955352783,0,19551,97.7550048828125,15897.9892578125
4097,0.3308926820755005,0,19551,97.7550048828125,15898.3203125
4098,1.9868213712470606e-05,0,19551,97.7550048828125,15898.3203125
4099,2.614217758178711,0,19551,97.7550048828125,15900.9345703125
4100,0.08671347051858902,0,19551,97.7550048828125,15901.021484375
4101,4.802282333374023,0,19551,97.7550048828125,15905.82421875
4102,1.5926967859268188,0,19551,97.7550048828125,15907.4169921875
4103,4.728714942932129,0,19551,97.7550048828125,15912.1455078125
4104,1.6181869506835938,0,19551,97.7550048828125,15913.763671875
4105,2.162567138671875,0,19551,97.7550048828125,15915.92578125
4106,0.0008106231107376516,0,19551,97.7550048828125,15915.9267578125
4107,1.1872529983520508,0,19551,97.7550048828125,15917.1142578125
4108,0.00015497207641601562,0,19551,97.7550048828125,15917.1142578125
4109,2.801804304122925,0,19551,97.7550048828125,15919.916015625
4110,0.0013295809039846063,0,19551,97.7550048828125,15919.9169921875
4111,1.6401336193084717,0,19551,97.7550048828125,15921.556640625
4112,0.00010093052696902305,0,19551,97.7550048828125,15921.556640625
4113,0.15582089126110077,0,19551,97.7550048828125,15921.712890625
4114,0.00013828277587890625,0,19551,97.7550048828125,15921.712890625
4115,1.3863576650619507,0,19551,97.7550048828125,15923.099609375
4116,0.0010506311664357781,0,19551,97.7550048828125,15923.1005859375
4117,3.8448667526245117,0,19551,97.7550048828125,15926.9453125
4118,0.0007478395709767938,0,19551,97.7550048828125,15926.9462890625
4119,2.115431785583496,0,19551,97.7550048828125,15929.0615234375
4120,5.960464113741182e-05,0,19551,97.7550048828125,15929.0615234375
4121,3.513761043548584,0,19551,97.7550048828125,15932.5751953125
4122,12.692126274108887,0,19551,97.7550048828125,15945.267578125
4123,4.026401519775391,0,19551,97.7550048828125,15949.2939453125
4124,16.064722061157227,0,19551,97.7550048828125,15965.3583984375
4125,1.777958869934082,0,19551,97.7550048828125,15967.13671875
4126,0.0004943314124830067,0,19551,97.7550048828125,15967.1376953125
4127,2.240372657775879,0,19551,97.7550048828125,15969.3779296875
4128,0.0001553694310132414,0,19551,97.7550048828125,15969.3779296875
4129,1.1407253742218018,0,19551,97.7550048828125,15970.5185546875
4130,0.0007502237567678094,0,19551,97.7550048828125,15970.51953125
4131,2.660728693008423,0,19551,97.7550048828125,15973.1806640625
4132,16.491294860839844,0,19551,97.7550048828125,15989.671875
4133,3.1974315643310547,0,19551,97.7550048828125,15992.869140625
4134,7.525271892547607,0,19551,97.7550048828125,16000.39453125
4135,0.057148948311805725,0,19551,97.7550048828125,16000.4521484375
4136,5.276357478578575e-05,0,19551,97.7550048828125,16000.4521484375
4137,4.917807579040527,0,19551,97.7550048828125,16005.3701171875
4138,4.381606101989746,0,19551,97.7550048828125,16009.751953125
4139,0.22589901089668274,0,19551,97.7550048828125,16009.9775390625
4140,0.0009131430997513235,0,19551,97.7550048828125,16009.978515625
4141,2.118243932723999,0,19551,97.7550048828125,16012.0966796875
4142,3.655751424957998e-05,0,19551,97.7550048828125,16012.0966796875
4143,3.7561581134796143,0,19551,97.7550048828125,16015.8525390625
4144,22.968585968017578,0,19551,97.7550048828125,16038.8212890625
4145,4.194174766540527,0,19551,97.7550048828125,16043.015625
4146,17.0860652923584,0,19551,97.7550048828125,16060.1015625
4147,3.1514904499053955,0,19551,97.7550048828125,16063.2529296875
4148,9.764227867126465,0,19551,97.7550048828125,16073.017578125
4149,1.2553656101226807,0,19551,97.7550048828125,16074.2724609375
4150,0.00020266202045604587,0,19551,97.7550048828125,16074.2724609375
4151,2.9975340366363525,0,19551,97.7550048828125,16077.26953125
4152,16.314125061035156,0,19551,97.7550048828125,16093.583984375
4153,0.23170240223407745,0,19551,97.7550048828125,16093.8154296875
4154,0.00038703292375430465,0,19551,97.7550048828125,16093.8154296875
4155,0.5871735215187073,0,19551,97.7550048828125,16094.40234375
4156,0.0009346007718704641,0,19551,97.7550048828125,16094.4033203125
4157,1.4113413095474243,0,19551,97.7550048828125,16095.814453125
4158,7.180638790130615,0,19551,97.7550048828125,16102.9951171875
4159,4.0192108154296875,0,19551,97.7550048828125,16107.0146484375
4160,12.36476993560791,0,19551,97.7550048828125,16119.3798828125
4161,4.5187458992004395,0,19551,97.7550048828125,16123.8984375
4162,12.667142868041992,0,19551,97.7550048828125,16136.5654296875
4163,3.0757663249969482,0,19551,97.7550048828125,16139.6416015625
4164,5.824401378631592,0,19551,97.7550048828125,16145.4658203125
4165,3.7639102935791016,0,19551,97.7550048828125,16149.2294921875
4166,12.545788764953613,0,19551,97.7550048828125,16161.775390625
4167,3.7719976902008057,0,19551,97.7550048828125,16165.5478515625
4168,14.812186241149902,0,19551,97.7550048828125,16180.3603515625
4169,1.7421292066574097,0,19551,97.7550048828125,16182.1025390625
4170,5.274340629577637,0,19551,97.7550048828125,16187.376953125
4171,3.7171216011047363,0,19551,97.7550048828125,16191.09375
4172,7.943946838378906,0,19551,97.7550048828125,16199.0380859375
4173,4.5524091720581055,0,19551,97.7550048828125,16203.5908203125
4174,6.663288593292236,0,19551,97.7550048828125,16210.25390625
4175,0.6631255745887756,0,19551,97.7550048828125,16210.9169921875
4176,0.00036557536805048585,0,19551,97.7550048828125,16210.9169921875
4177,4.830007076263428,0,19551,97.7550048828125,16215.7470703125
4178,7.783329963684082,0,19551,97.7550048828125,16223.5302734375
4179,2.2731385231018066,0,19551,97.7550048828125,16225.8037109375
4180,18.660049438476562,0,19551,97.7550048828125,16244.4638671875
4181,0.7075358629226685,0,19551,97.7550048828125,16245.171875
4182,0.00012238819908816367,0,19551,97.7550048828125,16245.171875
4183,4.220823764801025,0,19551,97.7550048828125,16249.392578125
4184,17.169736862182617,0,19551,97.7550048828125,16266.5625
4185,2.1304938793182373,0,19551,97.7550048828125,16268.693359375
4186,9.833160584094003e-05,0,19551,97.7550048828125,16268.693359375
4187,0.07790210098028183,0,19551,97.7550048828125,16268.771484375
4188,8.042087574722245e-05,0,19551,97.7550048828125,16268.771484375
4189,1.0255707502365112,0,19551,97.7550048828125,16269.796875
4190,0.0004046175454277545,0,19551,97.7550048828125,16269.796875
4191,4.447124481201172,0,19551,97.7550048828125,16274.244140625
4192,6.211071014404297,0,19551,97.7550048828125,16280.455078125
4193,2.3068127632141113,0,19551,97.7550048828125,16282.76171875
4194,8.329626083374023,0,19551,97.7550048828125,16291.091796875
4195,3.8425276279449463,0,19551,97.7550048828125,16294.9345703125
4196,5.614565372467041,0,19551,97.7550048828125,16300.548828125
4197,1.8282601833343506,0,19551,97.7550048828125,16302.376953125
4198,0.001031557796522975,0,19551,97.7550048828125,16302.3779296875
4199,1.5069233179092407,0,19551,97.7550048828125,16303.884765625
4200,0.00010728835331974551,0,19551,97.7550048828125,16303.884765625
4201,3.0425796508789062,0,19551,97.7550048828125,16306.927734375
4202,8.593178749084473,0,19551,97.7550048828125,16315.5205078125
4203,3.092236042022705,0,19551,97.7550048828125,16318.6123046875
4204,19.29683494567871,0,19551,97.7550048828125,16337.9091796875
4205,2.082267999649048,0,19551,97.7550048828125,16339.9912109375
4206,2.8942761421203613,0,19551,97.7550048828125,16342.8857421875
4207,1.696489930152893,0,19551,97.7550048828125,16344.58203125
4208,0.0006294251652434468,0,19551,97.7550048828125,16344.5830078125
4209,0.14216431975364685,0,19551,97.7550048828125,16344.7255859375
4210,0.0005118051776662469,0,19551,97.7550048828125,16344.7265625
4211,2.902097463607788,0,19551,97.7550048828125,16347.62890625
4212,9.494083404541016,0,19551,97.7550048828125,16357.123046875
4213,1.3810980319976807,0,19551,97.7550048828125,16358.50390625
4214,0.0002018610539380461,0,19551,97.7550048828125,16358.50390625
4215,4.346742153167725,0,19551,97.7550048828125,16362.8505859375
4216,15.805739402770996,0,19551,97.7550048828125,16378.65625
4217,3.195493221282959,0,19551,97.7550048828125,16381.8515625
4218,1.928048849105835,1,19552,97.75999450683594,16383.779296875
4219,0.4555261731147766,0,19552,97.75999450683594,16384.234375
4220,5.563099875871558e-06,0,19552,97.75999450683594,16384.234375
4221,1.1092886924743652,0,19552,97.75999450683594,16385.34375
4222,0.0002892811899073422,0,19552,97.75999450683594,16385.34375
4223,4.717535495758057,0,19552,97.75999450683594,16390.060546875
4224,1.1287575960159302,0,19552,97.75999450683594,16391.189453125
4225,0.6893394589424133,0,19552,97.75999450683594,16391.87890625
4226,0.00022729237389285117,0,19552,97.75999450683594,16391.87890625
4227,0.5132018327713013,0,19552,97.75999450683594,16392.392578125
4228,9.536742436466739e-05,0,19552,97.75999450683594,16392.392578125
4229,2.753952741622925,0,19552,97.75999450683594,16395.146484375
4230,0.0027990341186523438,0,19552,97.75999450683594,16395.1484375
4231,1.1226413249969482,0,19552,97.75999450683594,16396.271484375
4232,1.162007451057434,0,19552,97.75999450683594,16397.43359375
4233,3.4141204357147217,0,19552,97.75999450683594,16400.84765625
4234,0.026523271575570107,0,19552,97.75999450683594,16400.875
4235,0.2927517592906952,0,19552,97.75999450683594,16401.16796875
4236,0.6263561844825745,0,19552,97.75999450683594,16401.794921875
4237,1.954796314239502,0,19552,97.75999450683594,16403.75
4238,0.0005896885995753109,0,19552,97.75999450683594,16403.75
4239,3.267138957977295,0,19552,97.75999450683594,16407.017578125
4240,3.3407039642333984,0,19552,97.75999450683594,16410.357421875
4241,4.023073673248291,0,19552,97.75999450683594,16414.380859375
4242,0.0005074341897852719,0,19552,97.75999450683594,16414.380859375
4243,0.7770872712135315,0,19552,97.75999450683594,16415.158203125
4244,0.0035540261305868626,0,19552,97.75999450683594,16415.162109375
4245,1.1980329751968384,0,19552,97.75999450683594,16416.359375
4246,4.218713283538818,0,19552,97.75999450683594,16420.578125
4247,2.809067726135254,0,19552,97.75999450683594,16423.38671875
4248,18.86716651916504,0,19552,97.75999450683594,16442.25390625
4249,2.3066399097442627,0,19552,97.75999450683594,16444.560546875
4250,7.466060638427734,0,19552,97.75999450683594,16452.02734375
4251,0.5073893070220947,0,19552,97.75999450683594,16452.53515625
4252,0.0007605552091263235,0,19552,97.75999450683594,16452.53515625
4253,4.990403175354004,0,19552,97.75999450683594,16457.525390625
4254,9.616251945495605,0,19552,97.75999450683594,16467.142578125
4255,3.9434802532196045,0,19552,97.75999450683594,16471.0859375
4256,11.694562911987305,0,19552,97.75999450683594,16482.78125
4257,2.1635982990264893,0,19552,97.75999450683594,16484.9453125
4258,0.0006793439388275146,0,19552,97.75999450683594,16484.9453125
4259,4.329353332519531,0,19552,97.75999450683594,16489.275390625
4260,12.260631561279297,0,19552,97.75999450683594,16501.53515625
4261,4.931382656097412,0,19552,97.75999450683594,16506.466796875
4262,5.484114170074463,0,19552,97.75999450683594,16511.951171875
4263,1.3433539867401123,0,19552,97.75999450683594,16513.294921875
4264,9.527454376220703,0,19552,97.75999450683594,16522.822265625
4265,3.629384756088257,0,19552,97.75999450683594,16526.451171875
4266,0.005894501693546772,0,19552,97.75999450683594,16526.45703125
4267,4.118256568908691,0,19552,97.75999450683594,16530.576171875
4268,9.88314437866211,0,19552,97.75999450683594,16540.458984375
4269,4.052839756011963,0,19552,97.75999450683594,16544.51171875
4270,6.065898895263672,0,19552,97.75999450683594,16550.578125
4271,1.437540054321289,0,19552,97.75999450683594,16552.015625
4272,0.00019960403733421117,0,19552,97.75999450683594,16552.015625
4273,0.17050011456012726,0,19552,97.75999450683594,16552.185546875
4274,0.0002509106998331845,0,19552,97.75999450683594,16552.185546875
4275,2.7376694679260254,0,19552,97.75999450683594,16554.923828125
4276,0.0006161133060231805,0,19552,97.75999450683594,16554.923828125
4277,2.113489866256714,0,19552,97.75999450683594,16557.037109375
4278,8.620321750640869e-05,0,19552,97.75999450683594,16557.037109375
4279,4.072709083557129,0,19552,97.75999450683594,16561.109375
4280,16.895051956176758,0,19552,97.75999450683594,16578.00390625
4281,4.122189044952393,0,19552,97.75999450683594,16582.126953125
4282,18.749616622924805,0,19552,97.75999450683594,16600.876953125
4283,2.5571129322052,0,19552,97.75999450683594,16603.43359375
4284,9.417440414428711,0,19552,97.75999450683594,16612.8515625
4285,0.11117574572563171,0,19552,97.75999450683594,16612.962890625
4286,0.0005183691391721368,0,19552,97.75999450683594,16612.962890625
4287,4.614768028259277,0,19552,97.75999450683594,16617.578125
4288,8.543951034545898,0,19552,97.75999450683594,16626.123046875
4289,2.312211036682129,0,19552,97.75999450683594,16628.435546875
4290,0.00047524835099466145,0,19552,97.75999450683594,16628.435546875
4291,3.3720695972442627,0,19552,97.75999450683594,16631.806640625
4292,0.0007613499765284359,0,19552,97.75999450683594,16631.806640625
4293,4.609349250793457,0,19552,97.75999450683594,16636.416015625
4294,6.287007808685303,0,19552,97.75999450683594,16642.703125
4295,2.122041702270508,0,19552,97.75999450683594,16644.82421875
4296,0.000806282099802047,0,19552,97.75999450683594,16644.82421875
4297,2.730848550796509,0,19552,97.75999450683594,16647.5546875
4298,14.022039413452148,0,19552,97.75999450683594,16661.576171875
4299,1.5562114715576172,0,19552,97.75999450683594,16663.1328125
4300,7.224894046783447,0,19552,97.75999450683594,16670.357421875
4301,0.9984207153320312,0,19552,97.75999450683594,16671.35546875
4302,0.008260408416390419,0,19552,97.75999450683594,16671.36328125
4303,3.3892476558685303,0,19552,97.75999450683594,16674.751953125
4304,0.00022818644356448203,0,19552,97.75999450683594,16674.751953125
4305,3.2361884117126465,0,19552,97.75999450683594,16677.98828125
4306,11.657395362854004,0,19552,97.75999450683594,16689.646484375
4307,4.458479404449463,0,19552,97.75999450683594,16694.10546875
4308,10.326118469238281,0,19552,97.75999450683594,16704.431640625
4309,3.951059341430664,0,19552,97.75999450683594,16708.3828125
4310,2.3561675548553467,0,19552,97.75999450683594,16710.73828125
4311,0.6496716141700745,0,19552,97.75999450683594,16711.388671875
4312,0.00011603037273744121,0,19552,97.75999450683594,16711.388671875
4313,1.2161554098129272,0,19552,97.75999450683594,16712.60546875
4314,0.0006532669067382812,0,19552,97.75999450683594,16712.60546875
4315,2.741745710372925,0,19552,97.75999450683594,16715.34765625
4316,16.504335403442383,0,19552,97.75999450683594,16731.8515625
4317,4.157793998718262,0,19552,97.75999450683594,16736.009765625
4318,4.601442337036133,0,19552,97.75999450683594,16740.611328125
4319,3.87951922416687,0,19552,97.75999450683594,16744.490234375
4320,3.071938991546631,0,19552,97.75999450683594,16747.5625
4321,1.8652187585830688,0,19552,97.75999450683594,16749.427734375
4322,0.0012842813739553094,0,19552,97.75999450683594,16749.4296875
4323,1.6605867147445679,0,19552,97.75999450683594,16751.08984375
4324,9.377796959597617e-05,0,19552,97.75999450683594,16751.08984375
4325,4.230595588684082,0,19552,97.75999450683594,16755.3203125
4326,16.01658058166504,0,19552,97.75999450683594,16771.3359375
4327,1.8594582080841064,0,19552,97.75999450683594,16773.1953125
4328,0.001699130400083959,0,19552,97.75999450683594,16773.197265625
4329,1.6406333446502686,0,19552,97.75999450683594,16774.837890625
4330,0.00012079874431947246,0,19552,97.75999450683594,16774.837890625
4331,3.2385849952697754,0,19552,97.75999450683594,16778.076171875
4332,7.162908554077148,0,19552,97.75999450683594,16785.23828125
4333,2.1372733116149902,0,19552,97.75999450683594,16787.375
4334,0.0029993054922670126,0,19552,97.75999450683594,16787.37890625
4335,3.649763822555542,0,19552,97.75999450683594,16791.029296875
4336,1.4617549180984497,0,19552,97.75999450683594,16792.490234375
4337,2.843970775604248,0,19552,97.75999450683594,16795.333984375
4338,16.975507736206055,0,19552,97.75999450683594,16812.30859375
4339,0.011813570745289326,0,19552,97.75999450683594,16812.3203125
4340,0.00013589859008789062,0,19552,97.75999450683594,16812.3203125
4341,1.8480286598205566,0,19552,97.75999450683594,16814.16796875
4342,0.015327135100960732,0,19552,97.75999450683594,16814.18359375
4343,1.6839895248413086,0,19552,97.75999450683594,16815.8671875
4344,25.95153045654297,0,19552,97.75999450683594,16841.818359375
4345,0.9057821035385132,0,19552,97.75999450683594,16842.724609375
4346,1.1650044143607374e-05,0,19552,97.75999450683594,16842.724609375
4347,3.3890533447265625,0,19552,97.75999450683594,16846.11328125
4348,9.209795951843262,0,19552,97.75999450683594,16855.322265625
4349,2.8442318439483643,0,19552,97.75999450683594,16858.166015625
4350,0.0008432071190327406,0,19552,97.75999450683594,16858.166015625
4351,4.274891376495361,0,19552,97.75999450683594,16862.44140625
4352,0.004232724197208881,0,19552,97.75999450683594,16862.4453125
4353,2.3851020336151123,0,19552,97.75999450683594,16864.830078125
4354,2.384185791015625e-06,0,19552,97.75999450683594,16864.830078125
4355,2.1683406829833984,0,19552,97.75999450683594,16866.998046875
4356,0.0016276041278615594,0,19552,97.75999450683594,16867.0
4357,1.0335919857025146,0,19552,97.75999450683594,16868.033203125
4358,5.713568687438965,0,19552,97.75999450683594,16873.74609375
4359,2.1741745471954346,0,19552,97.75999450683594,16875.919921875
4360,0.00043670335435308516,0,19552,97.75999450683594,16875.919921875
4361,0.23961897194385529,0,19552,97.75999450683594,16876.16015625
4362,0.0003218650817871094,0,19552,97.75999450683594,16876.16015625
4363,4.845752239227295,0,19552,97.75999450683594,16881.005859375
4364,16.012948989868164,0,19552,97.75999450683594,16897.01953125
4365,2.284971237182617,0,19552,97.75999450683594,16899.3046875
4366,0.0007574096671305597,0,19552,97.75999450683594,16899.3046875
4367,0.6780241131782532,0,19552,97.75999450683594,16899.982421875
4368,0.0002962038270197809,0,19552,97.75999450683594,16899.982421875
4369,1.363682508468628,0,19552,97.75999450683594,16901.345703125
4370,11.567970275878906,0,19552,97.75999450683594,16912.9140625
4371,0.9498379826545715,0,19552,97.75999450683594,16913.86328125
4372,0.04675785452127457,0,19552,97.75999450683594,16913.91015625
4373,4.273282051086426,0,19552,97.75999450683594,16918.18359375
4374,0.0006906191119924188,0,19552,97.75999450683594,16918.18359375
4375,2.69094181060791,0,19552,97.75999450683594,16920.875
4376,13.033927917480469,0,19552,97.75999450683594,16933.908203125
4377,4.55428409576416,0,19552,97.75999450683594,16938.462890625
4378,12.347765922546387,0,19552,97.75999450683594,16950.810546875
4379,3.064053773880005,0,19552,97.75999450683594,16953.875
4380,6.032907485961914,0,19552,97.75999450683594,16959.908203125
4381,3.8900864124298096,0,19552,97.75999450683594,16963.798828125
4382,13.347380638122559,0,19552,97.75999450683594,16977.146484375
4383,2.7848622798919678,0,19552,97.75999450683594,16979.931640625
4384,0.0015453504165634513,0,19552,97.75999450683594,16979.93359375
4385,1.3014864921569824,0,19552,97.75999450683594,16981.234375
4386,8.402775764465332,0,19552,97.75999450683594,16989.63671875
4387,4.9612650871276855,0,19552,97.75999450683594,16994.59765625
4388,8.713119506835938,0,19552,97.75999450683594,17003.310546875
4389,1.7079646587371826,0,19552,97.75999450683594,17005.017578125
4390,2.7418134777690284e-05,0,19552,97.75999450683594,17005.017578125
4391,4.77390193939209,0,19552,97.75999450683594,17009.791015625
4392,12.525615692138672,0,19552,97.75999450683594,17022.31640625
4393,3.822549343109131,0,19552,97.75999450683594,17026.138671875
4394,8.07760238647461,1,19553,97.76499938964844,17034.216796875
4395,1.285412311553955,0,19553,97.76499938964844,17035.501953125
4396,1.2321896974754054e-05,0,19553,97.76499938964844,17035.501953125
4397,3.3660764694213867,0,19553,97.76499938964844,17038.8671875
4398,7.865257740020752,0,19553,97.76499938964844,17046.732421875
4399,0.09947297722101212,0,19553,97.76499938964844,17046.83203125
4400,0.0002133860980393365,0,19553,97.76499938964844,17046.83203125
4401,2.015859603881836,0,19553,97.76499938964844,17048.84765625
4402,8.818404197692871,0,19553,97.76499938964844,17057.666015625
4403,3.0698392391204834,0,19553,97.76499938964844,17060.736328125
4404,2.3285601139068604,0,19553,97.76499938964844,17063.064453125
4405,1.3281867504119873,0,19553,97.76499938964844,17064.392578125
4406,0.00030597049044445157,0,19553,97.76499938964844,17064.392578125
4407,2.5979135036468506,0,19553,97.76499938964844,17066.990234375
4408,0.0004116694035474211,0,19553,97.76499938964844,17066.990234375
4409,2.007070541381836,0,19553,97.76499938964844,17068.998046875
4410,14.488629341125488,0,19553,97.76499938964844,17083.486328125
4411,1.4022325277328491,0,19553,97.76499938964844,17084.888671875
4412,0.00010371250391472131,0,19553,97.76499938964844,17084.888671875
4413,4.563113212585449,0,19553,97.76499938964844,17089.451171875
4414,12.336993217468262,0,19553,97.76499938964844,17101.7890625
4415,0.6880117654800415,0,19553,97.76499938964844,17102.4765625
4416,0.00016490809503011405,0,19553,97.76499938964844,17102.4765625
4417,1.133715033531189,0,19553,97.76499938964844,17103.609375
4418,0.0007887681131251156,0,19553,97.76499938964844,17103.609375
4419,0.8204100728034973,0,19553,97.76499938964844,17104.4296875
4420,4.09149694442749,0,19553,97.76499938964844,17108.521484375
4421,0.453308641910553,0,19553,97.76499938964844,17108.974609375
4422,0.0001414620055584237,0,19553,97.76499938964844,17108.974609375
4423,2.8742668628692627,0,19553,97.76499938964844,17111.849609375
4424,0.0019963581580668688,0,19553,97.76499938964844,17111.8515625
4425,2.9001688957214355,0,19553,97.76499938964844,17114.751953125
4426,0.00014781951904296875,0,19553,97.76499938964844,17114.751953125
4427,3.0743539333343506,0,19553,97.76499938964844,17117.826171875
4428,17.575965881347656,0,19553,97.76499938964844,17135.40234375
4429,3.326129674911499,0,19553,97.76499938964844,17138.728515625
4430,0.001189025933854282,0,19553,97.76499938964844,17138.73046875
4431,3.544584274291992,0,19553,97.76499938964844,17142.275390625
4432,25.033124923706055,1,19554,97.7699966430664,17167.30859375
4433,4.882013320922852,0,19554,97.7699966430664,17172.19140625
4434,24.374210357666016,0,19554,97.7699966430664,17196.56640625
4435,4.403980731964111,0,19554,97.7699966430664,17200.970703125
4436,9.110552787780762,0,19554,97.7699966430664,17210.08203125
4437,0.30027520656585693,0,19554,97.7699966430664,17210.3828125
4438,0.0016530260909348726,0,19554,97.7699966430664,17210.384765625
4439,4.796452045440674,0,19554,97.7699966430664,17215.181640625
4440,9.384627342224121,0,19554,97.7699966430664,17224.56640625
4441,4.208930015563965,0,19554,97.7699966430664,17228.775390625
4442,19.59274673461914,0,19554,97.7699966430664,17248.3671875
4443,3.9784622192382812,0,19554,97.7699966430664,17252.345703125
4444,1.45260751247406,0,19554,97.7699966430664,17253.798828125
4445,4.4682769775390625,0,19554,97.7699966430664,17258.267578125
4446,1.3433125019073486,0,19554,97.7699966430664,17259.611328125
4447,1.2658499479293823,0,19554,97.7699966430664,17260.876953125
4448,0.00030080476426519454,0,19554,97.7699966430664,17260.876953125
4449,3.3231029510498047,0,19554,97.7699966430664,17264.19921875
4450,0.26104113459587097,0,19554,97.7699966430664,17264.4609375
4451,4.9256486892700195,0,19554,97.7699966430664,17269.38671875
4452,0.2574770152568817,0,19554,97.7699966430664,17269.64453125
4453,0.31832703948020935,0,19554,97.7699966430664,17269.962890625
4454,0.0001704692840576172,0,19554,97.7699966430664,17269.962890625
4455,4.53281831741333,0,19554,97.7699966430664,17274.49609375
4456,0.39246705174446106,0,19554,97.7699966430664,17274.888671875
4457,4.961428165435791,0,19554,97.7699966430664,17279.849609375
4458,0.39093443751335144,0,19554,97.7699966430664,17280.240234375
4459,4.9347825050354,0,19554,97.7699966430664,17285.17578125
4460,0.3117680549621582,0,19554,97.7699966430664,17285.48828125
4461,1.6754294633865356,0,19554,97.7699966430664,17287.1640625
4462,0.00011126200115540996,0,19554,97.7699966430664,17287.1640625
4463,4.300653457641602,0,19554,97.7699966430664,17291.46484375
4464,0.44360461831092834,0,19554,97.7699966430664,17291.908203125
4465,2.5379106998443604,0,19554,97.7699966430664,17294.4453125
4466,0.00033338862704113126,0,19554,97.7699966430664,17294.4453125
4467,2.933317184448242,0,19554,97.7699966430664,17297.37890625
4468,0.000591278076171875,0,19554,97.7699966430664,17297.37890625
4469,4.782548427581787,0,19554,97.7699966430664,17302.162109375
4470,0.4038996696472168,0,19554,97.7699966430664,17302.56640625
4471,2.9858005046844482,0,19554,97.7699966430664,17305.552734375
4472,0.000928640307392925,0,19554,97.7699966430664,17305.552734375
4473,4.5953450202941895,0,19554,97.7699966430664,17310.1484375
4474,18.832626342773438,0,19554,97.7699966430664,17328.98046875
4475,3.3622238636016846,0,19554,97.7699966430664,17332.341796875
4476,26.512685775756836,0,19554,97.7699966430664,17358.853515625
4477,4.101302146911621,0,19554,97.7699966430664,17362.955078125
4478,13.56533432006836,0,19554,97.7699966430664,17376.51953125
4479,1.9310364723205566,0,19554,97.7699966430664,17378.451171875
4480,15.393693923950195,0,19554,97.7699966430664,17393.845703125
4481,3.077501058578491,0,19554,97.7699966430664,17396.923828125
4482,14.880221366882324,0,19554,97.7699966430664,17411.8046875
4483,4.335063457489014,0,19554,97.7699966430664,17416.140625
4484,10.301027297973633,0,19554,97.7699966430664,17426.44140625
4485,2.7184295654296875,0,19554,97.7699966430664,17429.16015625
4486,0.0008797649061307311,0,19554,97.7699966430664,17429.16015625
4487,4.1351447105407715,0,19554,97.7699966430664,17433.294921875
4488,0.0018270809669047594,0,19554,97.7699966430664,17433.296875
4489,2.0142626762390137,0,19554,97.7699966430664,17435.310546875
4490,15.834545135498047,0,19554,97.7699966430664,17451.14453125
4491,4.644378185272217,0,19554,97.7699966430664,17455.7890625
4492,18.45180892944336,0,19554,97.7699966430664,17474.240234375
4493,2.87092661857605,0,19554,97.7699966430664,17477.111328125
4494,0.0006445253384299576,0,19554,97.7699966430664,17477.111328125
4495,2.4416871070861816,0,19554,97.7699966430664,17479.552734375
4496,0.00015656152390874922,0,19554,97.7699966430664,17479.552734375
4497,2.519542932510376,0,19554,97.7699966430664,17482.072265625
4498,0.3531600832939148,0,19554,97.7699966430664,17482.42578125
4499,3.3935043811798096,0,19554,97.7699966430664,17485.818359375
4500,14.535041809082031,0,19554,97.7699966430664,17500.353515625
4501,0.38262492418289185,0,19554,97.7699966430664,17500.736328125
4502,0.00010888547694776207,0,19554,97.7699966430664,17500.736328125
4503,1.848915457725525,0,19554,97.7699966430664,17502.5859375
4504,0.0003751118783839047,0,19554,97.7699966430664,17502.5859375
4505,0.8294380307197571,0,19554,97.7699966430664,17503.416015625
4506,0.00011165936302859336,0,19554,97.7699966430664,17503.416015625
4507,2.0809051990509033,0,19554,97.7699966430664,17505.49609375
4508,0.0005014737253077328,0,19554,97.7699966430664,17505.49609375
4509,2.2086594104766846,0,19554,97.7699966430664,17507.705078125
4510,7.8900041580200195,0,19554,97.7699966430664,17515.595703125
4511,2.4820542335510254,0,19554,97.7699966430664,17518.078125
4512,7.799378871917725,0,19554,97.7699966430664,17525.876953125
4513,0.9393642544746399,0,19554,97.7699966430664,17526.81640625
4514,0.0014774501323699951,0,19554,97.7699966430664,17526.818359375
4515,3.744720220565796,0,19554,97.7699966430664,17530.5625
4516,0.0005241234903223813,0,19554,97.7699966430664,17530.5625
4517,2.6528499126434326,0,19554,97.7699966430664,17533.21484375
4518,21.315465927124023,0,19554,97.7699966430664,17554.53125
4519,0.327595591545105,0,19554,97.7699966430664,17554.859375
4520,9.063041943591088e-05,0,19554,97.7699966430664,17554.859375
4521,0.4692457318305969,0,19554,97.7699966430664,17555.328125
4522,1.0331471457902808e-05,0,19554,97.7699966430664,17555.328125
4523,0.639924943447113,0,19554,97.7699966430664,17555.96875
4524,0.0001541773381177336,0,19554,97.7699966430664,17555.96875
4525,3.5952634811401367,0,19554,97.7699966430664,17559.564453125
4526,21.103715896606445,0,19554,97.7699966430664,17580.66796875
4527,0.1835727095603943,0,19554,97.7699966430664,17580.8515625
4528,0.00011593171075219288,0,19554,97.7699966430664,17580.8515625
4529,2.1621592044830322,0,19554,97.7699966430664,17583.013671875
4530,17.57610321044922,0,19554,97.7699966430664,17600.58984375
4531,4.210537433624268,0,19554,97.7699966430664,17604.80078125
4532,14.919785499572754,0,19554,97.7699966430664,17619.720703125
4533,0.2727700471878052,0,19554,97.7699966430664,17619.994140625
4534,0.00039447532617487013,0,19554,97.7699966430664,17619.994140625
4535,4.12795877456665,0,19554,97.7699966430664,17624.123046875
4536,17.225872039794922,0,19554,97.7699966430664,17641.349609375
4537,0.8738661408424377,0,19554,97.7699966430664,17642.22265625
4538,0.00020385405514389277,0,19554,97.7699966430664,17642.22265625
4539,1.3507105112075806,0,19554,97.7699966430664,17643.57421875
4540,0.0018753607291728258,0,19554,97.7699966430664,17643.576171875
4541,2.677932024002075,0,19554,97.7699966430664,17646.25390625
4542,9.904304897645488e-05,0,19554,97.7699966430664,17646.25390625
4543,1.7482460737228394,0,19554,97.7699966430664,17648.001953125
4544,0.0017930070171132684,0,19554,97.7699966430664,17648.00390625
4545,3.8691670894622803,0,19554,97.7699966430664,17651.873046875
4546,22.8801326751709,0,19554,97.7699966430664,17674.75390625
4547,3.797807455062866,0,19554,97.7699966430664,17678.55078125
4548,9.087477684020996,0,19554,97.7699966430664,17687.638671875
4549,3.242410182952881,0,19554,97.7699966430664,17690.880859375
4550,9.949965476989746,0,19554,97.7699966430664,17700.830078125
4551,3.606046199798584,0,19554,97.7699966430664,17704.435546875
4552,0.0012032190570607781,0,19554,97.7699966430664,17704.4375
4553,2.6758456230163574,0,19554,97.7699966430664,17707.11328125
4554,0.000133514404296875,0,19554,97.7699966430664,17707.11328125
4555,3.44043231010437,0,19554,97.7699966430664,17710.5546875
4556,10.831073760986328,0,19554,97.7699966430664,17721.38671875
4557,2.1362228393554688,0,19554,97.7699966430664,17723.5234375
4558,0.0007088981219567358,0,19554,97.7699966430664,17723.5234375
4559,2.879568099975586,0,19554,97.7699966430664,17726.40234375
4560,11.357983589172363,0,19554,97.7699966430664,17737.759765625
4561,1.1330960988998413,0,19554,97.7699966430664,17738.892578125
4562,5.201104164123535,1,19555,97.7750015258789,17744.09375
4563,4.732830047607422,0,19555,97.7750015258789,17748.826171875
4564,16.63846206665039,0,19555,97.7750015258789,17765.46484375
4565,0.7898927330970764,0,19555,97.7750015258789,17766.25390625
4566,5.166079426999204e-05,0,19555,97.7750015258789,17766.25390625
4567,4.641949653625488,0,19555,97.7750015258789,17770.896484375
4568,9.022865295410156,0,19555,97.7750015258789,17779.919921875
4569,2.879868507385254,0,19555,97.7750015258789,17782.798828125
4570,0.93846595287323,0,19555,97.7750015258789,17783.736328125
4571,2.6442859172821045,0,19555,97.7750015258789,17786.380859375
4572,9.144372940063477,0,19555,97.7750015258789,17795.525390625
4573,1.5485107898712158,0,19555,97.7750015258789,17797.07421875
4574,0.0009441383881494403,0,19555,97.7750015258789,17797.07421875
4575,1.1745845079421997,0,19555,97.7750015258789,17798.248046875
4576,7.236812591552734,0,19555,97.7750015258789,17805.484375
4577,3.190464735031128,0,19555,97.7750015258789,17808.67578125
4578,9.473077774047852,0,19555,97.7750015258789,17818.1484375
4579,4.801387786865234,0,19555,97.7750015258789,17822.94921875
4580,22.41987419128418,0,19555,97.7750015258789,17845.369140625
4581,0.2899346947669983,0,19555,97.7750015258789,17845.658203125
4582,9.299682278651744e-05,0,19555,97.7750015258789,17845.658203125
4583,4.652322292327881,0,19555,97.7750015258789,17850.310546875
4584,22.362838745117188,0,19555,97.7750015258789,17872.673828125
4585,1.8021879196166992,0,19555,97.7750015258789,17874.4765625
4586,0.0008241359610110521,0,19555,97.7750015258789,17874.4765625
4587,3.0316007137298584,0,19555,97.7750015258789,17877.5078125
4588,0.00029285746859386563,0,19555,97.7750015258789,17877.5078125
4589,3.5563466548919678,0,19555,97.7750015258789,17881.064453125
4590,0.00586509658023715,0,19555,97.7750015258789,17881.0703125
4591,0.30849915742874146,0,19555,97.7750015258789,17881.37890625
4592,0.0013021627673879266,0,19555,97.7750015258789,17881.380859375
4593,0.6103028059005737,0,19555,97.7750015258789,17881.990234375
4594,17.97800064086914,0,19555,97.7750015258789,17899.96875
4595,2.829129457473755,0,19555,97.7750015258789,17902.798828125
4596,9.07280445098877,0,19555,97.7750015258789,17911.87109375
4597,3.3434817790985107,0,19555,97.7750015258789,17915.21484375
4598,0.7467452883720398,0,19555,97.7750015258789,17915.9609375
4599,1.5740238428115845,0,19555,97.7750015258789,17917.53515625
4600,0.002636114601045847,0,19555,97.7750015258789,17917.537109375
4601,1.619516372680664,0,19555,97.7750015258789,17919.15625
4602,19.109540939331055,0,19555,97.7750015258789,17938.265625
4603,2.4358699321746826,0,19555,97.7750015258789,17940.701171875
4604,6.265996932983398,0,19555,97.7750015258789,17946.966796875
4605,2.6206562519073486,0,19555,97.7750015258789,17949.587890625
4606,1.5872902870178223,0,19555,97.7750015258789,17951.17578125
4607,0.6137596368789673,0,19555,97.7750015258789,17951.7890625
4608,0.00020066896104253829,0,19555,97.7750015258789,17951.7890625
4609,2.8959414958953857,0,19555,97.7750015258789,17954.685546875
4610,7.973055362701416,0,19555,97.7750015258789,17962.658203125
4611,4.686172008514404,0,19555,97.7750015258789,17967.34375
4612,8.297652244567871,0,19555,97.7750015258789,17975.640625
4613,3.4186697006225586,0,19555,97.7750015258789,17979.05859375
4614,0.020847320556640625,0,19555,97.7750015258789,17979.080078125
4615,0.07495145499706268,0,19555,97.7750015258789,17979.154296875
4616,21.29518699645996,0,19555,97.7750015258789,18000.44921875
4617,2.515510320663452,0,19555,97.7750015258789,18002.96484375
4618,0.015741586685180664,0,19555,97.7750015258789,18002.98046875
4619,2.375011444091797,0,19555,97.7750015258789,18005.35546875
4620,1.9073486328125e-05,0,19555,97.7750015258789,18005.35546875
4621,4.1652350425720215,0,19555,97.7750015258789,18009.521484375
4622,17.74575424194336,0,19555,97.7750015258789,18027.267578125
4623,3.323124408721924,0,19555,97.7750015258789,18030.58984375
4624,5.418984889984131,0,19555,97.7750015258789,18036.009765625
4625,2.6740849018096924,0,19555,97.7750015258789,18038.68359375
4626,7.346206188201904,0,19555,97.7750015258789,18046.029296875
4627,0.5248806476593018,0,19555,97.7750015258789,18046.5546875
4628,0.00042974945972673595,0,19555,97.7750015258789,18046.5546875
4629,0.08357267081737518,0,19555,97.7750015258789,18046.638671875
4630,0.0004798173613380641,0,19555,97.7750015258789,18046.638671875
4631,1.474466323852539,0,19555,97.7750015258789,18048.11328125
4632,1.2318292647250928e-05,0,19555,97.7750015258789,18048.11328125
4633,4.049370288848877,0,19555,97.7750015258789,18052.162109375
4634,15.617934226989746,0,19555,97.7750015258789,18067.779296875
4635,3.3367795944213867,0,19555,97.7750015258789,18071.115234375
4636,0.0006350388866849244,0,19555,97.7750015258789,18071.115234375
4637,1.5893864631652832,0,19555,97.7750015258789,18072.705078125
4638,15.191927909851074,0,19555,97.7750015258789,18087.896484375
4639,4.801094055175781,0,19555,97.7750015258789,18092.697265625
4640,19.69731330871582,0,19555,97.7750015258789,18112.39453125
4641,0.36825647950172424,0,19555,97.7750015258789,18112.763671875
4642,0.0004684939922299236,0,19555,97.7750015258789,18112.763671875
4643,2.1027872562408447,0,19555,97.7750015258789,18114.8671875
4644,0.00012954075646121055,0,19555,97.7750015258789,18114.8671875
4645,3.5188002586364746,0,19555,97.7750015258789,18118.38671875
4646,0.8005614876747131,0,19555,97.7750015258789,18119.1875
4647,4.861742973327637,0,19555,97.7750015258789,18124.048828125
4648,0.6120692491531372,0,19555,97.7750015258789,18124.66015625
4649,4.837761402130127,0,19555,97.7750015258789,18129.498046875
4650,0.5928264260292053,0,19555,97.7750015258789,18130.091796875
4651,2.6023969650268555,0,19555,97.7750015258789,18132.693359375
4652,7.443429470062256,0,19555,97.7750015258789,18140.13671875
4653,0.36674243211746216,0,19555,97.7750015258789,18140.50390625
4654,0.003758370643481612,0,19555,97.7750015258789,18140.5078125
4655,4.79249906539917,0,19555,97.7750015258789,18145.30078125
4656,0.007931490428745747,0,19555,97.7750015258789,18145.30859375
4657,2.756964683532715,0,19555,97.7750015258789,18148.06640625
4658,9.063921928405762,0,19555,97.7750015258789,18157.130859375
4659,0.8838260769844055,0,19555,97.7750015258789,18158.015625
4660,0.0002672286645974964,0,19555,97.7750015258789,18158.015625
4661,4.36777925491333,0,19555,97.7750015258789,18162.3828125
4662,5.940756320953369,0,19555,97.7750015258789,18168.32421875
4663,4.62775182723999,0,19555,97.7750015258789,18172.951171875
4664,5.71896505355835,3,19558,97.79000091552734,18178.669921875
4665,1.241236925125122,0,19558,97.79000091552734,18179.912109375
4666,0.0003020961885340512,0,19558,97.79000091552734,18179.912109375
4667,4.257483005523682,0,19558,97.79000091552734,18184.169921875
4668,16.523122787475586,0,19558,97.79000091552734,18200.693359375
4669,0.3513942360877991,0,19558,97.79000091552734,18201.044921875
4670,0.0002241190813947469,0,19558,97.79000091552734,18201.044921875
4671,3.563326358795166,0,19558,97.79000091552734,18204.607421875
4672,13.110679626464844,0,19558,97.79000091552734,18217.71875
4673,0.29964569211006165,0,19558,97.79000091552734,18218.017578125
4674,0.00015996220463421196,0,19558,97.79000091552734,18218.017578125
4675,4.97760009765625,0,19558,97.79000091552734,18222.99609375
4676,12.548055648803711,0,19558,97.79000091552734,18235.544921875
4677,2.9573662281036377,0,19558,97.79000091552734,18238.501953125
4678,10.566018104553223,0,19558,97.79000091552734,18249.068359375
4679,1.8327856063842773,0,19558,97.79000091552734,18250.900390625
4680,0.0013430912513285875,0,19558,97.79000091552734,18250.90234375
4681,0.13737331330776215,0,19558,97.79000091552734,18251.0390625
4682,0.0021044411696493626,0,19558,97.79000091552734,18251.041015625
4683,4.2696638107299805,0,19558,97.79000091552734,18255.310546875
4684,0.0010712940711528063,0,19558,97.79000091552734,18255.3125
4685,0.956504225730896,0,19558,97.79000091552734,18256.26953125
4686,0.00026226043701171875,0,19558,97.79000091552734,18256.26953125
4687,2.0838234424591064,0,19558,97.79000091552734,18258.353515625
4688,5.643719673156738,0,19558,97.79000091552734,18263.998046875
4689,1.2972760200500488,0,19558,97.79000091552734,18265.294921875
4690,0.0009175141458399594,0,19558,97.79000091552734,18265.294921875
4691,0.066924087703228,0,19558,97.79000091552734,18265.361328125
4692,0.0008098284015432,0,19558,97.79000091552734,18265.361328125
4693,3.9472124576568604,0,19558,97.79000091552734,18269.30859375
4694,4.510550022125244,0,19558,97.79000091552734,18273.818359375
4695,1.7487727403640747,0,19558,97.79000091552734,18275.56640625
4696,14.609914779663086,0,19558,97.79000091552734,18290.17578125
4697,4.036444187164307,0,19558,97.79000091552734,18294.212890625
4698,8.651963233947754,0,19558,97.79000091552734,18302.865234375
4699,2.307954788208008,0,19558,97.79000091552734,18305.173828125
4700,13.349526405334473,0,19558,97.79000091552734,18318.5234375
4701,2.457231044769287,0,19558,97.79000091552734,18320.98046875
4702,0.0011159975547343493,0,19558,97.79000091552734,18320.982421875
4703,3.829686164855957,0,19558,97.79000091552734,18324.8125
4704,22.212682723999023,0,19558,97.79000091552734,18347.025390625
4705,0.42832380533218384,0,19558,97.79000091552734,18347.453125
4706,0.00035127278533764184,0,19558,97.79000091552734,18347.453125
4707,2.425478219985962,0,19558,97.79000091552734,18349.87890625
4708,5.573365211486816,0,19558,97.79000091552734,18355.453125
4709,2.4882264137268066,0,19558,97.79000091552734,18357.94140625
4710,20.866357803344727,0,19558,97.79000091552734,18378.80859375
4711,2.644998788833618,0,19558,97.79000091552734,18381.453125
4712,0.0004251827485859394,0,19558,97.79000091552734,18381.453125
4713,3.557081937789917,0,19558,97.79000091552734,18385.009765625
4714,17.23752212524414,0,19558,97.79000091552734,18402.248046875
4715,0.7558856010437012,0,19558,97.79000091552734,18403.00390625
4716,5.302990030031651e-05,0,19558,97.79000091552734,18403.00390625
4717,4.8188910484313965,0,19558,97.79000091552734,18407.822265625
4718,13.168182373046875,0,19558,97.79000091552734,18420.990234375
4719,2.6338932514190674,0,19558,97.79000091552734,18423.625
4720,0.00016053566650953144,0,19558,97.79000091552734,18423.625
4721,3.902010679244995,0,19558,97.79000091552734,18427.52734375
4722,5.436568260192871,0,19558,97.79000091552734,18432.96484375
4723,2.753016948699951,0,19558,97.79000091552734,18435.71875
4724,0.001195669174194336,0,19558,97.79000091552734,18435.720703125
4725,4.571809768676758,0,19558,97.79000091552734,18440.29296875
4726,15.62974739074707,0,19558,97.79000091552734,18455.921875
4727,2.4949071407318115,0,19558,97.79000091552734,18458.416015625
4728,11.052345275878906,0,19558,97.79000091552734,18469.46875
4729,0.09070984274148941,0,19558,97.79000091552734,18469.55859375
4730,0.0004923343658447266,0,19558,97.79000091552734,18469.55859375
4731,1.2860164642333984,0,19558,97.79000091552734,18470.84375
4732,5.642572796205059e-05,0,19558,97.79000091552734,18470.84375
4733,4.615223407745361,0,19558,97.79000091552734,18475.458984375
4734,9.024218559265137,0,19558,97.79000091552734,18484.482421875
4735,1.9862030744552612,0,19558,97.79000091552734,18486.46875
4736,0.0007948278798721731,0,19558,97.79000091552734,18486.46875
4737,0.7378197908401489,0,19558,97.79000091552734,18487.20703125
4738,8.233177185058594,0,19558,97.79000091552734,18495.439453125
4739,2.179293155670166,0,19558,97.79000091552734,18497.619140625
4740,0.002462864387780428,0,19558,97.79000091552734,18497.62109375
4741,2.958523988723755,0,19558,97.79000091552734,18500.580078125
4742,0.00015020370483398438,0,19558,97.79000091552734,18500.580078125
4743,2.642017364501953,0,19558,97.79000091552734,18503.22265625
4744,0.0009600321063771844,0,19558,97.79000091552734,18503.22265625
4745,3.179471254348755,0,19558,97.79000091552734,18506.40234375
4746,5.926722049713135,0,19558,97.79000091552734,18512.328125
4747,4.0367326736450195,0,19558,97.79000091552734,18516.365234375
4748,0.0005928674945607781,0,19558,97.79000091552734,18516.365234375
4749,2.892516613006592,0,19558,97.79000091552734,18519.2578125
4750,19.689722061157227,0,19558,97.79000091552734,18538.947265625
4751,4.386425495147705,0,19558,97.79000091552734,18543.333984375
4752,9.266783714294434,0,19558,97.79000091552734,18552.6015625
4753,3.797344446182251,0,19558,97.79000091552734,18556.3984375
4754,16.57093048095703,0,19558,97.79000091552734,18572.96875
4755,2.9589486122131348,0,19558,97.79000091552734,18575.927734375
4756,5.1867899894714355,0,19558,97.79000091552734,18581.115234375
4757,3.4626030921936035,0,19558,97.79000091552734,18584.578125
4758,2.2940073013305664,0,19558,97.79000091552734,18586.873046875
4759,4.269794940948486,0,19558,97.79000091552734,18591.142578125
4760,17.732391357421875,0,19558,97.79000091552734,18608.875
4761,3.0413730144500732,0,19558,97.79000091552734,18611.916015625
4762,12.490379333496094,0,19558,97.79000091552734,18624.40625
4763,2.1342275142669678,0,19558,97.79000091552734,18626.541015625
4764,0.00027736026095226407,0,19558,97.79000091552734,18626.541015625
4765,1.305763602256775,0,19558,97.79000091552734,18627.84765625
4766,0.005948543082922697,0,19558,97.79000091552734,18627.853515625
4767,3.6398122310638428,0,19558,97.79000091552734,18631.494140625
4768,15.307746887207031,0,19558,97.79000091552734,18646.802734375
4769,4.980717658996582,0,19558,97.79000091552734,18651.783203125
4770,15.166552543640137,0,19558,97.79000091552734,18666.94921875
4771,2.0213565826416016,0,19558,97.79000091552734,18668.970703125
4772,0.00024001329438760877,0,19558,97.79000091552734,18668.970703125
4773,0.11299257725477219,0,19558,97.79000091552734,18669.083984375
4774,0.00020424523972906172,0,19558,97.79000091552734,18669.083984375
4775,1.026013970375061,0,19558,97.79000091552734,18670.109375
4776,0.0008455911884084344,0,19558,97.79000091552734,18670.109375
4777,1.1432206630706787,0,19558,97.79000091552734,18671.251953125
4778,0.0001724561006994918,0,19558,97.79000091552734,18671.251953125
4779,0.48644644021987915,0,19558,97.79000091552734,18671.73828125
4780,0.0003314018249511719,0,19558,97.79000091552734,18671.73828125
4781,2.4361417293548584,0,19558,97.79000091552734,18674.173828125
4782,0.0003091494145337492,0,19558,97.79000091552734,18674.173828125
4783,4.36332893371582,0,19558,97.79000091552734,18678.537109375
4784,6.384173393249512,0,19558,97.79000091552734,18684.921875
4785,4.640637397766113,0,19558,97.79000091552734,18689.5625
4786,15.975712776184082,0,19558,97.79000091552734,18705.5390625
4787,4.9555182456970215,0,19558,97.79000091552734,18710.494140625
4788,16.071739196777344,0,19558,97.79000091552734,18726.56640625
4789,1.7815778255462646,0,19558,97.79000091552734,18728.34765625
4790,0.0004156430368311703,0,19558,97.79000091552734,18728.34765625
4791,0.8730173110961914,0,19558,97.79000091552734,18729.220703125
4792,0.00012040137517033145,0,19558,97.79000091552734,18729.220703125
4793,2.429309844970703,0,19558,97.79000091552734,18731.650390625
4794,3.2236344814300537,0,19558,97.79000091552734,18734.875
4795,1.0303784608840942,0,19558,97.79000091552734,18735.90625
4796,0.00046412149094976485,0,19558,97.79000091552734,18735.90625
4797,1.6753709316253662,0,19558,97.79000091552734,18737.58203125
4798,13.576090812683105,0,19558,97.79000091552734,18751.158203125
4799,2.7485311031341553,0,19558,97.79000091552734,18753.90625
4800,8.753772735595703,0,19558,97.79000091552734,18762.66015625
4801,1.3721728324890137,0,19558,97.79000091552734,18764.033203125
4802,0.6886262893676758,0,19558,97.79000091552734,18764.72265625
4803,3.9972050189971924,0,19558,97.79000091552734,18768.720703125
4804,9.007393836975098,0,19558,97.79000091552734,18777.728515625
4805,1.5174387693405151,0,19558,97.79000091552734,18779.24609375
4806,0.00043143992661498487,0,19558,97.79000091552734,18779.24609375
4807,2.995103120803833,0,19558,97.79000091552734,18782.240234375
4808,2.6464502811431885,0,19558,97.79000091552734,18784.88671875
4809,2.307788133621216,0,19558,97.79000091552734,18787.1953125
4810,0.0005111204809509218,0,19558,97.79000091552734,18787.1953125
4811,1.9040380716323853,0,19558,97.79000091552734,18789.099609375
4812,6.876824045320973e-05,0,19558,97.79000091552734,18789.099609375
4813,4.027194976806641,0,19558,97.79000091552734,18793.126953125
4814,2.4871082305908203,0,19558,97.79000091552734,18795.61328125
4815,0.9824023842811584,0,19558,97.79000091552734,18796.595703125
4816,0.0002324584493180737,0,19558,97.79000091552734,18796.595703125
4817,3.8831279277801514,0,19558,97.79000091552734,18800.478515625
4818,6.730604648590088,0,19558,97.79000091552734,18807.208984375
4819,2.043121814727783,0,19558,97.79000091552734,18809.251953125
4820,0.0005463758716359735,0,19558,97.79000091552734,18809.251953125
4821,1.7807838916778564,0,19558,97.79000091552734,18811.033203125
4822,10.48229694366455,0,19558,97.79000091552734,18821.515625
4823,2.4493799209594727,0,19558,97.79000091552734,18823.96484375
4824,0.0001996757637243718,0,19558,97.79000091552734,18823.96484375
4825,1.1592423915863037,0,19558,97.79000091552734,18825.125
4826,0.0010657310485839844,0,19558,97.79000091552734,18825.126953125
4827,1.2710237503051758,0,19558,97.79000091552734,18826.3984375
4828,10.702926635742188,0,19558,97.79000091552734,18837.1015625
4829,1.0455429553985596,0,19558,97.79000091552734,18838.146484375
4830,0.0007526088738813996,0,19558,97.79000091552734,18838.146484375
4831,0.7802785038948059,0,19558,97.79000091552734,18838.927734375
4832,0.0002598762512207031,0,19558,97.79000091552734,18838.927734375
4833,4.588549613952637,0,19558,97.79000091552734,18843.515625
4834,12.960189819335938,0,19558,97.79000091552734,18856.4765625
4835,2.7995798587799072,0,19558,97.79000091552734,18859.275390625
4836,0.00022411365353036672,0,19558,97.79000091552734,18859.275390625
4837,1.1720952987670898,0,19558,97.79000091552734,18860.447265625
4838,4.8478443204658106e-05,0,19558,97.79000091552734,18860.447265625
4839,3.826930522918701,0,19558,97.79000091552734,18864.2734375
4840,12.68047046661377,0,19558,97.79000091552734,18876.953125
4841,0.6199432611465454,0,19558,97.79000091552734,18877.572265625
4842,0.0002217307046521455,0,19558,97.79000091552734,18877.572265625
4843,1.4738675355911255,0,19558,97.79000091552734,18879.046875
4844,0.005954106338322163,0,19558,97.79000091552734,18879.052734375
4845,2.324082612991333,0,19558,97.79000091552734,18881.376953125
4846,1.827875712478999e-05,0,19558,97.79000091552734,18881.376953125
4847,2.9132888317108154,0,19558,97.79000091552734,18884.291015625
4848,1.900103211402893,0,19558,97.79000091552734,18886.19140625
4849,3.976421356201172,0,19558,97.79000091552734,18890.16796875
4850,34.163360595703125,0,19558,97.79000091552734,18924.33203125
4851,2.5388343334198,0,19558,97.79000091552734,18926.87109375
4852,0.0010684144217520952,0,19558,97.79000091552734,18926.873046875
4853,1.0652052164077759,0,19558,97.79000091552734,18927.9375
4854,5.302093029022217,0,19558,97.79000091552734,18933.240234375
4855,1.0554111003875732,0,19558,97.79000091552734,18934.294921875
4856,0.00010331547673558816,0,19558,97.79000091552734,18934.294921875
4857,0.12846826016902924,0,19558,97.79000091552734,18934.423828125
4858,7.311502849915996e-05,0,19558,97.79000091552734,18934.423828125
4859,0.9405694007873535,0,19558,97.79000091552734,18935.365234375
4860,0.00034968077670782804,0,19558,97.79000091552734,18935.365234375
4861,1.5024913549423218,0,19558,97.79000091552734,18936.8671875
4862,1.9230653047561646,0,19558,97.79000091552734,18938.791015625
4863,3.3566091060638428,0,19558,97.79000091552734,18942.1484375
4864,0.3711172938346863,0,19558,97.79000091552734,18942.51953125
4865,3.3206231594085693,0,19558,97.79000091552734,18945.83984375
4866,24.815114974975586,0,19558,97.79000091552734,18970.654296875
4867,2.3149824142456055,0,19558,97.79000091552734,18972.96875
4868,3.4809584617614746,0,19558,97.79000091552734,18976.44921875
4869,1.2239516973495483,0,19558,97.79000091552734,18977.673828125
4870,0.0014956791419535875,0,19558,97.79000091552734,18977.67578125
4871,3.924450635910034,0,19558,97.79000091552734,18981.599609375
4872,0.0006786981830373406,0,19558,97.79000091552734,18981.599609375
4873,0.7734786868095398,0,19558,97.79000091552734,18982.373046875
4874,0.00024239221238531172,0,19558,97.79000091552734,18982.373046875
4875,3.158757448196411,0,19558,97.79000091552734,18985.53125
4876,3.798902988433838,0,19558,97.79000091552734,18989.330078125
4877,2.8460819721221924,0,19558,97.79000091552734,18992.17578125
4878,19.957786560058594,0,19558,97.79000091552734,19012.1328125
4879,0.250329852104187,0,19558,97.79000091552734,19012.3828125
4880,0.0001701016299193725,0,19558,97.79000091552734,19012.3828125
4881,4.08396577835083,0,19558,97.79000091552734,19016.466796875
4882,8.912094116210938,0,19558,97.79000091552734,19025.37890625
4883,0.2077603042125702,0,19558,97.79000091552734,19025.5859375
4884,2.4918574126786552e-05,0,19558,97.79000091552734,19025.5859375
4885,3.5591659545898438,0,19558,97.79000091552734,19029.14453125
4886,16.00849151611328,0,19558,97.79000091552734,19045.15234375
4887,1.8409976959228516,0,19558,97.79000091552734,19046.994140625
4888,0.0002539207343943417,0,19558,97.79000091552734,19046.994140625
4889,2.170241594314575,0,19558,97.79000091552734,19049.1640625
4890,13.578577995300293,0,19558,97.79000091552734,19062.7421875
4891,3.0594966411590576,0,19558,97.79000091552734,19065.80078125
4892,0.003747145179659128,0,19558,97.79000091552734,19065.8046875
4893,1.9727072715759277,0,19558,97.79000091552734,19067.77734375
4894,8.265177166322246e-05,0,19558,97.79000091552734,19067.77734375
4895,2.8804750442504883,0,19558,97.79000091552734,19070.658203125
4896,0.10074456036090851,0,19558,97.79000091552734,19070.759765625
4897,1.5370876789093018,0,19558,97.79000091552734,19072.296875
4898,11.343622207641602,0,19558,97.79000091552734,19083.640625
4899,2.0959458351135254,0,19558,97.79000091552734,19085.736328125
4900,0.00026827974943444133,0,19558,97.79000091552734,19085.736328125
4901,2.175428628921509,0,19558,97.79000091552734,19087.912109375
4902,15.803199768066406,0,19558,97.79000091552734,19103.71484375
4903,2.3289356231689453,0,19558,97.79000091552734,19106.04296875
4904,1.4305113836599048e-05,0,19558,97.79000091552734,19106.04296875
4905,4.886844635009766,0,19558,97.79000091552734,19110.9296875
4906,3.0817344188690186,0,19558,97.79000091552734,19114.01171875
4907,1.6368627548217773,0,19558,97.79000091552734,19115.6484375
4908,0.00015219052147585899,0,19558,97.79000091552734,19115.6484375
4909,3.041599988937378,0,19558,97.79000091552734,19118.689453125
4910,17.74376106262207,0,19558,97.79000091552734,19136.43359375
4911,1.4486838579177856,0,19558,97.79000091552734,19137.8828125
4912,3.657384149846621e-05,0,19558,97.79000091552734,19137.8828125
4913,3.4512898921966553,0,19558,97.79000091552734,19141.333984375
4914,3.604067325592041,0,19558,97.79000091552734,19144.9375
4915,2.029315233230591,0,19558,97.79000091552734,19146.966796875
4916,10.840507507324219,0,19558,97.79000091552734,19157.806640625
4917,3.589060068130493,0,19558,97.79000091552734,19161.396484375
4918,16.042804718017578,0,19558,97.79000091552734,19177.439453125
4919,4.72892951965332,0,19558,97.79000091552734,19182.16796875
4920,16.234560012817383,0,19558,97.79000091552734,19198.40234375
4921,0.0787520781159401,0,19558,97.79000091552734,19198.48046875
4922,0.0002574932877905667,0,19558,97.79000091552734,19198.48046875
4923,4.111949920654297,0,19558,97.79000091552734,19202.591796875
4924,11.241144180297852,0,19558,97.79000091552734,19213.83203125
4925,4.050540924072266,0,19558,97.79000091552734,19217.8828125
4926,4.791811943054199,0,19558,97.79000091552734,19222.673828125
4927,0.8046114444732666,0,19558,97.79000091552734,19223.478515625
4928,0.0006979703903198242,0,19558,97.79000091552734,19223.478515625
4929,1.712470293045044,0,19558,97.79000091552734,19225.19140625
4930,1.6490617781528272e-05,0,19558,97.79000091552734,19225.19140625
4931,2.7576112747192383,0,19558,97.79000091552734,19227.94921875
4932,2.8025002479553223,0,19558,97.79000091552734,19230.751953125
4933,1.4094641208648682,0,19558,97.79000091552734,19232.162109375
4934,0.0005165735492482781,0,19558,97.79000091552734,19232.162109375
4935,1.7558541297912598,0,19558,97.79000091552734,19233.91796875
4936,21.660594940185547,0,19558,97.79000091552734,19255.578125
4937,0.18685802817344666,0,19558,97.79000091552734,19255.765625
4938,0.00014623221068177372,0,19558,97.79000091552734,19255.765625
4939,3.579890251159668,0,19558,97.79000091552734,19259.345703125
4940,12.38935661315918,0,19558,97.79000091552734,19271.734375
4941,0.48240676522254944,0,19558,97.79000091552734,19272.216796875
4942,0.0011404685210436583,0,19558,97.79000091552734,19272.21875
4943,2.985335111618042,0,19558,97.79000091552734,19275.203125
4944,17.606718063354492,0,19558,97.79000091552734,19292.810546875
4945,3.675471067428589,0,19558,97.79000091552734,19296.486328125
4946,1.5974547863006592,0,19558,97.79000091552734,19298.083984375
4947,0.6187726259231567,0,19558,97.79000091552734,19298.703125
4948,0.003291765693575144,0,19558,97.79000091552734,19298.70703125
4949,3.865532636642456,0,19558,97.79000091552734,19302.572265625
4950,2.057846784591675,0,19558,97.79000091552734,19304.630859375
4951,1.0662126541137695,0,19558,97.79000091552734,19305.697265625
4952,0.003824233775958419,0,19558,97.79000091552734,19305.701171875
4953,4.115746021270752,0,19558,97.79000091552734,19309.81640625
4954,1.8737585544586182,0,19558,97.79000091552734,19311.689453125
4955,0.6838582754135132,0,19558,97.79000091552734,19312.373046875
4956,7.152667240006849e-05,0,19558,97.79000091552734,19312.373046875
4957,2.0586977005004883,0,19558,97.79000091552734,19314.431640625
4958,0.0006246566772460938,0,19558,97.79000091552734,19314.431640625
4959,4.296639442443848,0,19558,97.79000091552734,19318.728515625
4960,17.422210693359375,0,19558,97.79000091552734,19336.150390625
4961,0.8159184455871582,0,19558,97.79000091552734,19336.966796875
4962,8.15836974652484e-05,0,19558,97.79000091552734,19336.966796875
4963,0.9205721020698547,0,19558,97.79000091552734,19337.88671875
4964,0.0003556110605131835,0,19558,97.79000091552734,19337.88671875
4965,0.6127499341964722,0,19558,97.79000091552734,19338.5
4966,0.00015415048983413726,0,19558,97.79000091552734,19338.5
4967,2.8307197093963623,0,19558,97.79000091552734,19341.330078125
4968,0.0014563718577846885,0,19558,97.79000091552734,19341.33203125
4969,2.5836358070373535,0,19558,97.79000091552734,19343.916015625
4970,9.509141091257334e-05,0,19558,97.79000091552734,19343.916015625
4971,3.849058151245117,0,19558,97.79000091552734,19347.765625
4972,18.6679744720459,0,19558,97.79000091552734,19366.43359375
4973,3.1570992469787598,0,19558,97.79000091552734,19369.58984375
4974,14.564718246459961,0,19558,97.79000091552734,19384.154296875
4975,0.8977926969528198,0,19558,97.79000091552734,19385.052734375
4976,8.885335773811676e-06,0,19558,97.79000091552734,19385.052734375
4977,2.8486905097961426,0,19558,97.79000091552734,19387.90234375
4978,4.243309020996094,0,19558,97.79000091552734,19392.146484375
4979,4.932756423950195,0,19558,97.79000091552734,19397.080078125
4980,5.10727071762085,0,19558,97.79000091552734,19402.1875
4981,3.440675735473633,0,19558,97.79000091552734,19405.62890625
4982,0.0003393490915186703,0,19558,97.79000091552734,19405.62890625
4983,3.667168617248535,0,19558,97.79000091552734,19409.296875
4984,15.68000602722168,0,19558,97.79000091552734,19424.9765625
4985,1.4880598783493042,0,19558,97.79000091552734,19426.46484375
4986,0.0004156460927333683,0,19558,97.79000091552734,19426.46484375
4987,4.813076972961426,0,19558,97.79000091552734,19431.27734375
4988,10.961936950683594,0,19558,97.79000091552734,19442.240234375
4989,4.496443748474121,0,19558,97.79000091552734,19446.736328125
4990,31.444398880004883,0,19558,97.79000091552734,19478.181640625
4991,1.054613471031189,0,19558,97.79000091552734,19479.236328125
4992,4.504761695861816,0,19558,97.79000091552734,19483.740234375
4993,3.481567859649658,0,19558,97.79000091552734,19487.22265625
4994,0.9057363271713257,0,19558,97.79000091552734,19488.12890625
4995,1.726302981376648,0,19558,97.79000091552734,19489.85546875
4996,0.00025431314134038985,0,19558,97.79000091552734,19489.85546875
4997,2.2123239040374756,0,19558,97.79000091552734,19492.068359375
4998,0.00030358630465343595,0,19558,97.79000091552734,19492.068359375
4999,3.7427992820739746,0,19558,97.79000091552734,19495.810546875
